Bordeline,706,61,678
Safe,791,796,782,765
Bordeline,77,89
Safe,118,459,96,385
Outlier,
Bordeline,545,690
Bordeline,19,45
Outlier,
Bordeline,419,20,210
Safe,717,330,384,550
Safe,211,99,443,718
Safe,266,449,673,697,137
Outlier,
Safe,366,357,442,48
Outlier,
Bordeline,233,571,439
Safe,354,333,532,667
Safe,194,491,660,462
Safe,664,440,242,671
Bordeline,6,489
Safe,98,634,582,472,675
Safe,666,206,588,425,265
Bordeline,203,692
Bordeline,340,278
Bordeline,45,378
Bordeline,132,266,340
Bordeline,25,302,607
Safe,151,421,11,195,137
Bordeline,464
Safe,587,335,282,187,199
Safe,685,481,67,541
Bordeline,671,142,427
Safe,484,526,697,333
Bordeline,574,535,107
Bordeline,597,510
Safe,632,316,698,108
Bordeline,226,263,367
Bordeline,689,275
Safe,454,9,53,330,465
Bordeline,127,24
Bordeline,656,208,566
Outlier,
Safe,784,752,85,795
Safe,666,242,191,671,244
Safe,503,433,526,595,593
Bordeline,6,708
Bordeline,575,685
Bordeline,470,351,702
Safe,545,742,177,357
Safe,59,101,224,733,278
Safe,790,775,756,757
Safe,589,724,276,471,115
Safe,280,345,441,635
Safe,465,38,693,606,9
Safe,344,683,467,588,316
Safe,651,71,649,280
Outlier,
Bordeline,267,130
Safe,107,452,59,473,183
Safe,49,535,469,101,9
Bordeline,764,95
Safe,519,101,729,681,79
Safe,425,135,16,671
Bordeline,196,179
Bordeline,536,23
Outlier,
Bordeline,350,262
Bordeline,460
Safe,98,550,115,384,472
Rare,399
Safe,777,761,762,797,395
Safe,626,649,560,237
Safe,698,108,667,632,700
Safe,49,344,654,610
Bordeline,412,262,179
Safe,266,11,400,688
Safe,780,785,792,388
Safe,603,441,574,398,2
Bordeline,298,174
Safe,135,619,662,61,265
Safe,166,191,346,713,612
Bordeline,352,319,505
Bordeline,708
Safe,341,665,391,171
Bordeline,383,116,180
Safe,795,784,750,212
Safe,371,334,404,87,137
Safe,142,697,333,537
Bordeline,287,306
Safe,2,706,603,130,57
Outlier,
Safe,757,759,758,790
Safe,792,785,780,482,76
Safe,783,771,775,790,91
Rare,41
Bordeline,764,60,91
Safe,103,384,98,634,601
Bordeline,294,223
Safe,384,277,736,20,601
Bordeline,446,10,660
Rare,590
Safe,519,49,214,550,736
Safe,194,549,666,471,398
Safe,162,665,96,311
Bordeline,531,352,583
Bordeline,560
Bordeline,564
Safe,58,33,424,717
Safe,698,72,632,700,667
Safe,410,311,612,346
Outlier,
Bordeline,643,107
Bordeline,150,541
Bordeline,145,700
Bordeline,591,279,320
Safe,634,98,740,68,20
Bordeline,187,639,84
Safe,80,713,417,129,166
Safe,553,449,601,673,3
Safe,421,533,151,204
Outlier,
Bordeline,328,701,537
Bordeline,34
Safe,341,646,211,525
Outlier,
Safe,681,738,332,700
Bordeline,303,140,751
Bordeline,39
Bordeline,752,42
Bordeline,191,735,117
Bordeline,57,537,142
Bordeline,330,38,519
Bordeline,720,488
Bordeline,165,127,279
Bordeline,351,378,45
Safe,79,662,265,471,210
Safe,743,610,148,87
Safe,660,194,718,356,11
Bordeline,200,48
Bordeline,561
Bordeline,754,303,317
Safe,765,782,796,791,761
Bordeline,524,87,356
Bordeline,357,645,12
Bordeline,67
Safe,700,651,632,594
Bordeline,351
Safe,734,80,166,713,109
Safe,246,669,530,547,116
Outlier,
Outlier,
Safe,421,384,673,449,27
Bordeline,666,407
Bordeline,362,745
Bordeline,541,554
Bordeline,538,705,6
Bordeline,609,521
Bordeline,34,617
Outlier,
Bordeline,234,488,338
Bordeline,18,664,440
Safe,214,532,101,733,533
Safe,103,458,665,96
Bordeline,292,434
Safe,788,769,759,758,655
Outlier,
Safe,80,713,147,734,191
Bordeline,205,329,204
Bordeline,217
Safe,766,482,580,754
Bordeline,401,273,586
Bordeline,549,717
Bordeline,489
Safe,753,786,774,60
Safe,298,248,78,622,200
Safe,239,416,693,354,345
Safe,701,328,602,484,121
Bordeline,48,357,545
Bordeline,508
Outlier,
Safe,344,423,683,654,467
Bordeline,674,488,316
Safe,28,535,257,59
Bordeline,49,473,452
Bordeline,384,673,98
Bordeline,745
Bordeline,486,637
Safe,383,346,526,433,194
Safe,351,305,146,19
Bordeline,793,780,76
Safe,627,630,669,211
Bordeline,612,80,389
Safe,259,203,630,710
Bordeline,554
Safe,17,491,433,526
Safe,356,194,433,526
Safe,285,691,601,400,308
Bordeline,719,417
Bordeline,658,24
Safe,29,568,244,282,335
Bordeline,248,298,273
Bordeline,646
Bordeline,221,577
Bordeline,22,473,18
Safe,119,736,400,679,333
Safe,167,329,265,204
Safe,21,361,224,49
Rare,270
Bordeline,577,275,430
Safe,725,325,219,736
Safe,736,325,265,519,101
Bordeline,10,443,627
Safe,750,457,764,795
Bordeline,760,776,620
Safe,161,101,239,519,381
Bordeline,696,794,644
Bordeline,552
Bordeline,168,401
Safe,729,639,439,61
Safe,415,725,611,602
Bordeline,403,359
Bordeline,202,231
Safe,601,277,421,151,98
Bordeline,577,364
Safe,49,584,210,717,206
Bordeline,171,272,2
Safe,36,661,693,574
Bordeline,383,559
Bordeline,275
Bordeline,591,732
Outlier,
Bordeline,386,221
Bordeline,353,613,521
Safe,151,421,384,673
Safe,507,336,654,321,159
Outlier,
Bordeline,460
Bordeline,71,57,560
Safe,686,526,341,585
Safe,214,101,333,354,257
Safe,673,184,449,528,436
Safe,744,161,446,506
Safe,666,544,454,671,43
Outlier,
Bordeline,595,43,404
Bordeline,556,706
Safe,148,669,626,530,616
Rare,705
Safe,200,298,749,273,174
Safe,345,251,635,280
Safe,258,742,221,279,353
Bordeline,358,249,616
Bordeline,615,143
Safe,432,350,513,418
Bordeline,589,354,550
Bordeline,735,129,311
Bordeline,249
Bordeline,744,448
Bordeline,250,742
Bordeline,192,740,195
Bordeline,787,771,783
Bordeline,732,47
Bordeline,74,412,66
Safe,36,507,383,491
Bordeline,546
Safe,210,736,325,425
Safe,703,11,75,400,688
Bordeline,57
Safe,669,246,334,433,438
Bordeline,327,784
Rare,207
Bordeline,480,433
Safe,697,475,171,239,706
Bordeline,170
Rare,150
Safe,12,37,208,228
Safe,325,423,736,265,634
Safe,601,472,98,736,400
Safe,733,49,469,610,603
Bordeline,304,359,609
Safe,635,619,276,52,604
Outlier,
Safe,335,29,321,199,356
Bordeline,198,127,702
Bordeline,599,557,487
Safe,196,691,484,601
Safe,578,290,617,314
Bordeline,88,557
Bordeline,746
Bordeline,29,282,356
Bordeline,510
Safe,341,439,686,194
Bordeline,163,219,285
Bordeline,773,778
Outlier,
Safe,676,633,243,309,120
Bordeline,367,606,324
Bordeline,137,11,27
Bordeline,78,174,248
Bordeline,768,466
Safe,632,108,698,614,675
Outlier,
Safe,194,17,660,137,491
Safe,140,126,482,640
Bordeline,609,709,279
Bordeline,364,672
Outlier,
Bordeline,774,786,753
Safe,601,400,634,196,724
Bordeline,676
Bordeline,486
Safe,346,652,103,383,166
Bordeline,521,598,406
Bordeline,314,543
Bordeline,543
Bordeline,221,231
Safe,632,588,35,698
Bordeline,754,468,65
Bordeline,502,537,484
Safe,573,335,507,81,336
Bordeline,485,702
Safe,336,677,507,413,84
Safe,451,196,748,691,688
Outlier,
Safe,296,473,710,203,121
Safe,736,210,98,532,277
Bordeline,223
Bordeline,269,618
Bordeline,121,701
Safe,697,205,167,204,161
Safe,9,438,59,131
Outlier,
Safe,632,125,35,675,660
Safe,675,400,354,697,16
Bordeline,669,439,632
Safe,187,282,29,417,321
Safe,507,321,573,234,413
Bordeline,772
Safe,332,687,590,632
Safe,614,639,142,108,427
Safe,23,266,25,600
Safe,686,674,723,194,526
Bordeline,502,581,381
Safe,779,787,260,764
Safe,683,180,654,467,54
Bordeline,249,693,715
Safe,383,311,187,526,80
Safe,406,645,613,366
Bordeline,618
Safe,533,421,325,398,736
Bordeline,418,66
Bordeline,146,134
Bordeline,505,531
Bordeline,232,746,250
Safe,333,16,239,416
Bordeline,146
Safe,195,137,142,673,371
Safe,143,48,177,366
Bordeline,251,559,238
Safe,680,279,220,476
Bordeline,427,464,642
Safe,206,316,21,667
Bordeline,153,680
Safe,688,634,210,707
Bordeline,305
Safe,781,770,798,793,761
Safe,13,357,645,48
Safe,296,446,666,524,606
Safe,49,9,59,278
Safe,561,698,391,108
Bordeline,562,58
Safe,356,10,673,526
Safe,772,753,337,786,774
Bordeline,585,436,524
Bordeline,48,546,357
Safe,775,764,60,50
Safe,751,755,478,1
Bordeline,470,576
Rare,702
Safe,118,703,192,324,266
Bordeline,581,119
Safe,214,342,477,581
Safe,509,177,745,732
Bordeline,346,187
Safe,184,673,98,449,151
Safe,400,277,601,707,679
Bordeline,231,746
Outlier,
Safe,785,792,780,777,76
Safe,674,191,341,713,686
Bordeline,656,208,521
Bordeline,561,436,384
Bordeline,357,742,143
Bordeline,630,627
Safe,447,493,351,378,134
Safe,762,761,797,70
Bordeline,742
Safe,755,779,580,376
Safe,533,697,574,673,532
Rare,69
Safe,601,688,308,385,277
Bordeline,170
Safe,214,49,278,59,465
Bordeline,220,359
Safe,526,675,433,384
Bordeline,70,777
Outlier,
Safe,519,736,744,101,325
Bordeline,603,183,49
Outlier,
Bordeline,109,491,652
Safe,532,619,724,697,333
Bordeline,74,415
Safe,677,321,336,588
Bordeline,589,276,129
Bordeline,219,412,725
Safe,354,49,687,175,490
Bordeline,346,80,117
Bordeline,350,737,253
Bordeline,210,8,257
Bordeline,692,211
Safe,151,673,384,449,533
Bordeline,599,150,557
Safe,180,634,276,187
Safe,9,107,59,605
Safe,265,21,210,135,333
Bordeline,797,762,777
Bordeline,360,464,642
Bordeline,454,416,724
Outlier,
Bordeline,492,645,208
Bordeline,708
Bordeline,513,253
Safe,526,464,462,187,404
Bordeline,524,484,163
Safe,755,776,760,778,478
Safe,635,373,585,391,673
Bordeline,773,778
Bordeline,330,439,519
Safe,438,330,316,698
Safe,664,18,662,549,102
Safe,77,611,484,574,602
Bordeline,445,13
Safe,211,10,660,142
Bordeline,150,481
Bordeline,546,442
Safe,99,367,102,744,61
Bordeline,394,493,591
Bordeline,634,740,257
Safe,673,718,384,601,533
Bordeline,789,728,757
Safe,322,748,400,688
Safe,183,58,49,535
Safe,531,642,491,352
Safe,9,38,664,666,330
Safe,778,773,760,776,767
Safe,779,755,343,787
Bordeline,750,212,580
Bordeline,103,427,162
Bordeline,3,474
Rare,331
Bordeline,747,477,524
Bordeline,671,464,433
Bordeline,91,757,495
Safe,433,462,427,28,671
Safe,53,533,9,38,532
Safe,768,781,365,770,798
Safe,683,344,654,180,626
Bordeline,755,751,640
Safe,535,733,59,574,278
Bordeline,47,377,613
Safe,135,102,239,549,51
Safe,277,98,601,20,673
Bordeline,101,407,183
Safe,400,707,741,385,601
Safe,638,272,697,9,239
Bordeline,359,680
Safe,461,606,9,119
Safe,435,778,376,755,455
Safe,712,74,744,262
Safe,526,433,404,686
Outlier,
Safe,169,92,785,792,780
Safe,464,462,191,427
Safe,537,725,32,502
Bordeline,320,498,283
Bordeline,543,637
Bordeline,150,284
Bordeline,132,159,714
Bordeline,19,172
Bordeline,416,276,594
Bordeline,194,17,652
Bordeline,430,645,247
Bordeline,394,447
Bordeline,146,185
Safe,93,91,757,463,95
Bordeline,314
Bordeline,286,460
Bordeline,485,320
Bordeline,378,45
Bordeline,405,365,781
Safe,503,526,634,20,582
Safe,484,318,537,342
Safe,686,632,501,316
Bordeline,362,275
Bordeline,352
Safe,716,507,234,241,336
Safe,336,234,573,321,263
Bordeline,90,120
Bordeline,382,235,6
Bordeline,597,34
Safe,130,471,581,567
Bordeline,503,686,145
Safe,432,107,253,58
Safe,602,678,697,638,398
Bordeline,431,304
Outlier,
Bordeline,737
Bordeline,726,355
Safe,101,407,736,210,744
Bordeline,609
Bordeline,566,156
Bordeline,267,691
Safe,412,691,441,663
Safe,142,373,434,10,606
Bordeline,643,111
Safe,433,404,480,686,346
Bordeline,224,180,425
Safe,184,652,311,240,421
Outlier,
Safe,148,333,206,547,600
Bordeline,352,104
Safe,411,533,736,601,325
Safe,697,398,532,673,449
Safe,506,507,448,531,199
Safe,574,59,469,733,49
Bordeline,630,660,17
Safe,484,502,318,87
Bordeline,155,24
Outlier,
Bordeline,350,415
Bordeline,554
Bordeline,127,39
Bordeline,486
Safe,242,549,404,717,666
Bordeline,636,48,690
Bordeline,264,445,374
Safe,675,720,148,614,300
Safe,174,401,576,170,442
Safe,717,171,102,664
Safe,9,101,68,736,519
Safe,493,447,746,134
Bordeline,48
Safe,118,161,233,601
Bordeline,541,193,150
Bordeline,558,248,200
Safe,245,668,748,79
Bordeline,599
Bordeline,555,377,515
Bordeline,626,649,227
Bordeline,674,706,105
Bordeline,391,139,369
Safe,458,370,462,427
Safe,360,642,53,433,427
Safe,756,790,771,783
Bordeline,45
Bordeline,521,221,146
Safe,328,182,66,735
Safe,199,238,592,142,433
Outlier,
Safe,611,441,602,27
Safe,15,631,367,296,525
Bordeline,267
Safe,507,336,654,319,743
Safe,535,398,596,59,469
Bordeline,541,193
Safe,401,309,377,470
Bordeline,223,208,202
Bordeline,286,617
Safe,163,611,441,484,602
Safe,766,457,169,755
Safe,380,342,214,425
Safe,20,634,629,98,115
Bordeline,28
Safe,224,720,49,210
Safe,373,436,561,673,718
Bordeline,170
Safe,29,423,227,187,322
Bordeline,316,666,639
Safe,724,254,51,740
Outlier,
Bordeline,708,732
Safe,614,683,588,308,675
Safe,588,21,675,639
Safe,681,738,145,700
Bordeline,244,142,44
Safe,574,535,59,182
Bordeline,34,510
Bordeline,312
Bordeline,557,284
Bordeline,530,458
Safe,277,400,308,449,98
Bordeline,514,484,219
Safe,77,278,610,239,49
Safe,626,649,280,311,587
Bordeline,668,233,424
Bordeline,693,53,296
Bordeline,391
Outlier,
Bordeline,304,279,156
Safe,278,239,603,214,333
Safe,441,219,570,602
Safe,191,80,526,410,166
Bordeline,636,406,347
Safe,339,669,688,592,675
Bordeline,252
Bordeline,251,417,246
Bordeline,578,310
Safe,761,327,798,770
Safe,411,532,724,79,308
Outlier,
Bordeline,750,212
Bordeline,174,298,366
Outlier,
Bordeline,346,427
Bordeline,310
Safe,649,71,559,604,330
Safe,630,190,393,211
Outlier,
Safe,582,526,652,674,686
Bordeline,393,627,720
Bordeline,152,203,72
Safe,675,698,108,35,316
Bordeline,676
Safe,740,115,98,308,20
Safe,436,533,648,280
Bordeline,545
Bordeline,486,543
Safe,697,475,679,533
Bordeline,675,98,647
Bordeline,751,782,796
Safe,691,537,239,209,101
Safe,427,464,360,28
Bordeline,111,59,535
Bordeline,794,91,757
Safe,48,347,492,366
Safe,201,332,720,291
Safe,639,98,21,675
Bordeline,635,152
Safe,626,311,604,71,652
Bordeline,309,56,4
Safe,145,681,55,316
Bordeline,311,491
Bordeline,183
Safe,344,467,683,180
Safe,758,769,759,788,757
Bordeline,40
Bordeline,1,791
Outlier,
Outlier,
Bordeline,137,17,194
Safe,61,152,226,83,398
Safe,135,398,79,102
Bordeline,725,209,537
Safe,440,18,454,549
Bordeline,103,384,184
Safe,43,588,21,242,526
Safe,698,108,700,632
Safe,733,605,49,535,183
Safe,148,614,190,334,246
Bordeline,492,69
Safe,462,464,666,433
Bordeline,305,364,4
Safe,449,384,718,533,151
Safe,389,341,686,713
Safe,632,404,639,98
Bordeline,220,309
Safe,413,321,336,588,84
Safe,688,748,239,210,697
Safe,638,204,385,233
Bordeline,359,362
Safe,729,700,125,594,61
Safe,454,535,574,9,549
Safe,344,467,180,654,720
Safe,562,700,632,201
Bordeline,30
Bordeline,341,526,674
Bordeline,744,257
Bordeline,400,601,363
Bordeline,709,37,609
Bordeline,545,499
Safe,196,285,641,537
Bordeline,108,698,420
Bordeline,606,53,533
Bordeline,706,227
Bordeline,763,767,778
Bordeline,215,794,644
Safe,533,638,398,673,333
Safe,108,72,632,700,667
Outlier,
Safe,698,108,667,632,145
Safe,328,121,176,179
Rare,378
Bordeline,266,379,11
Bordeline,624
Outlier,
Bordeline,560,0,171
Bordeline,740,634,400
Bordeline,591
Bordeline,304,689,609
Safe,473,99,443,446
Bordeline,359
Bordeline,183,381,473
Safe,80,166,734,117,674
Bordeline,488,131,454
Safe,398,697,102,367
Safe,506,321,335,344,677
Safe,9,549,384,718
Safe,449,673,384,137,717
Safe,417,197,84,263
Bordeline,547,630
Bordeline,202
Safe,148,719,530,559
Bordeline,341,491,17
Safe,589,619,308,411,532
Bordeline,209,484,736
Bordeline,518
Outlier,
Bordeline,789
Safe,218,639,681,698
Bordeline,656
Outlier,
Outlier,
Safe,49,469,278,535,668
Safe,147,713,80,166
Bordeline,129,152
Safe,325,210,98,532,277
Bordeline,182
Safe,700,698,125,594,108
Bordeline,629,10
Bordeline,634,707,448
Safe,103,707,740,98
Bordeline,48
Safe,467,573,136,683,547
Safe,257,736,519,407
Bordeline,6,45,153
Bordeline,6,386
Safe,461,9,384,480
Safe,678,333,697,532,451
Bordeline,248,298,47
Safe,212,457,795,85,621
Safe,640,755,376,468
Bordeline,42,128
Safe,786,774,307,173
Bordeline,317,140,468
Safe,435,751,468,376,640
Safe,564,790,771,50
Safe,91,759,758,790
Safe,759,655,757,91,769
Safe,758,655,757,91,769
Safe,776,435,213,455
Safe,395,70,765,777
Safe,797,395,70,777,761
Safe,767,695,778,455
Bordeline,60,212,95
Safe,782,796,791,1,141
Safe,580,169,776,760
Safe,763,695,455,778
Bordeline,299,466
Safe,788,655,758,759,164
Safe,798,781,365,793
Safe,783,93,756,787,260
Bordeline,372,337,753
Safe,778,293,455,437
Bordeline,786,753,307
Safe,50,93,790,375,771
Safe,760,435,213,455
Safe,70,762,761,797,765
Safe,455,773,435,478,767
Safe,343,456,397,787
Safe,76,785,792,388
Safe,365,770,798,793,761
Safe,796,1,791,765
Safe,771,93,260,564,787
Safe,85,795,42,269,750
Safe,792,388,76,780,92
Bordeline,774,753,307
Safe,260,771,783,93
Safe,769,655,164,759,758
Bordeline,728,450
Safe,756,50,757,564,91
Safe,1,796,782,765
Safe,785,76,780,92,388
Safe,189,781,365,770,798
Bordeline,644,215,696
Safe,85,784,750,212
Safe,782,1,791,765
Safe,762,426,777,70,395
Safe,770,781,365,618