Bordeline,555,623,382
Safe,682,424,429,732,650
Bordeline,30,562
Safe,263,675,442,97,588
Rare,647
Safe,567,175,462,423,51
Bordeline,557,660
Outlier,
Safe,362,381,67,724
Safe,429,650,534,499,98
Bordeline,521,31
Bordeline,158,509
Bordeline,192,261
Bordeline,270,331
Safe,351,641,100,407
Safe,651,109,17,520,616
Bordeline,90,235
Safe,15,28,651,202,616
Safe,695,480,267,194,534
Safe,268,424,9,570,260
Bordeline,38,6
Rare,596
Bordeline,562,660
Safe,567,25,423,719,97
Safe,585,416,413,82,523
Safe,567,23,423,315
Safe,418,287,267,193,75
Safe,101,682,340,242,306
Bordeline,79,377,403
Safe,119,489,522,162,62
Bordeline,2,188
Safe,482,107,601,661,607
Bordeline,605
Bordeline,565
Bordeline,444,307,324
Safe,716,402,520,616,651
Safe,519,678,438,740
Bordeline,113,67
Bordeline,608,562,432
Bordeline,436,461
Bordeline,464
Bordeline,628,265
Bordeline,627,130,158
Safe,5,428,81,52,170
Safe,279,545,59,391
Safe,534,683,672,307,272
Safe,314,211,555,263
Bordeline,667,506,472
Safe,624,354,138,216
Bordeline,134,233
Safe,317,533,652,341
Safe,544,403,523,316,5
Safe,5,190,578,81,462
Bordeline,425,89,655
Safe,397,407,208,14
Bordeline,464,427
Safe,453,664,665,524,169
Safe,399,163,263,46,235
Safe,500,208,682,558
Safe,118,317,139,554,615
Safe,374,118,707,719,129
Safe,533,417,536,317
Safe,522,489,119,29
Bordeline,236,128,375
Safe,98,165,386,324,683
Safe,607,165,324,683,107
Safe,594,745,85,70
Bordeline,650,214
Safe,418,695,255,669
Outlier,
Safe,412,127,66,745
Safe,614,659,88,552,110
Safe,251,606,380,339,210
Bordeline,19,444,34
Bordeline,403,17
Bordeline,442,194,732
Safe,177,129,219,567,635
Safe,344,266,178,553,413
Safe,423,283,5,470
Safe,28,454,377,109
Safe,428,393,308,374,485
Safe,310,175,52,487,462
Safe,229,301,610,202,454
Safe,640,511,528,409,278
Bordeline,269,734
Bordeline,66,336
Bordeline,233,133
Bordeline,359,479,279
Safe,649,424,268,260
Bordeline,652,53,389
Bordeline,95,231
Safe,693,314,513,340,324
Bordeline,199,461,436
Bordeline,415,630,577
Bordeline,304,734
Safe,587,419,165,45,399
Bordeline,215,400,260
Safe,719,263,374,588,5
Safe,165,672,534,429,409
Bordeline,699
Bordeline,279,131,14
Safe,112,682,27,1,614
Safe,292,554,367,386
Bordeline,533,246,317
Safe,690,623,595,582
Bordeline,137
Bordeline,269
Safe,31,560,341,292,65
Bordeline,592,570,682
Safe,79,454,15,28
Bordeline,710,15,544
Bordeline,305,464
Safe,101,499,614,564,682
Safe,717,615,37,671
Bordeline,146,568
Bordeline,490
Bordeline,212,456
Safe,155,28,193,528,8
Safe,374,462,59,739,515
Safe,29,162,621,51,489
Bordeline,377,28,714
Safe,159,444,572,79
Safe,541,592,664,434,498
Outlier,
Safe,326,475,478,444
Bordeline,248,443
Safe,338,399,426,163
Bordeline,70,629
Bordeline,605,285,383
Safe,76,719,447,177,219
Safe,627,489,417,51,119
Safe,290,100,689,738,645
Safe,186,701,445,274,166
Bordeline,86,233
Safe,233,365,469,265
Bordeline,371
Bordeline,246,533,103
Bordeline,365
Bordeline,327,613
Safe,59,682,404,429,1
Bordeline,609,285
Bordeline,537,356
Outlier,
Safe,194,480,91,307
Safe,482,295,122,31
Bordeline,488,189
Safe,333,114,348,181
Outlier,
Bordeline,530,434,259
Safe,297,368,495,448
Bordeline,181
Bordeline,654,231,406
Safe,182,452,186,318
Safe,361,15,346,651
Safe,713,562,745,157,633
Safe,117,403,493,178
Bordeline,310,204,393
Bordeline,154,282
Safe,11,42,344,77
Safe,121,93,52,316
Outlier,
Safe,373,390,552,702
Safe,621,185,119,470,5
Safe,400,126,399,57,623
Outlier,
Safe,98,560,534,341,499
Safe,336,186,451,471
Bordeline,555,177,314
Safe,286,431,644,52,716
Bordeline,541
Safe,247,423,704,417
Bordeline,428,524,575
Bordeline,666,138
Safe,721,671,509,500,59
Safe,428,682,534,255,695
Safe,5,307,462,567,317
Bordeline,180,484,309
Safe,219,76,635,567,555
Safe,254,9,79,429,476
Bordeline,725
Bordeline,660,646,562
Rare,733
Bordeline,376,349,152
Safe,699,368,321,149
Rare,568
Safe,162,626,621,119,470
Safe,132,152,182,166,701
Outlier,
Bordeline,370,394
Outlier,
Safe,218,52,91,409,229
Outlier,
Bordeline,261,536
Safe,732,1,682,418,26
Safe,307,480,442,143,475
Safe,353,476,564,332
Bordeline,318
Safe,292,499,341,560,455
Outlier,
Bordeline,92
Safe,470,162,621,417
Bordeline,363,475,507
Safe,610,82,616,229,301
Bordeline,137
Safe,156,500,59,707
Bordeline,264,251
Safe,5,481,409,307
Rare,276
Safe,58,319,682,650
Bordeline,37,158
Safe,501,339,97,552,554
Safe,314,46,542,630
Bordeline,116
Outlier,
Bordeline,67,45,58
Bordeline,96,14
Bordeline,142,624
Bordeline,41,740,265
Safe,190,229,301,616,52
Safe,177,567,76,635,555
Bordeline,287,732,532
Bordeline,343,629
Bordeline,646
Bordeline,495,368,149
Bordeline,654,566,587
Bordeline,305,2,432
Outlier,
Bordeline,154,30,299
Safe,254,246,714,534
Safe,301,610,82,218,454
Safe,658,505,676,60
Safe,151,582,724,419
Safe,119,489,470,578,200
Bordeline,134
Outlier,
Bordeline,57,399,400
Bordeline,448,331,270
Safe,218,82,229,301,610
Bordeline,576,22
Safe,27,0,493,509,46
Safe,680,523,185,51,626
Bordeline,129,177,219
Safe,307,306,292,27,499
Bordeline,449,491
Safe,642,325,637,292,102
Outlier,
Safe,136,103,533,655,523
Safe,470,170,621,162,704
Bordeline,125,443
Bordeline,443
Safe,58,173,262,551
Safe,72,615,606,339,588
Safe,282,608,145,408,709
Bordeline,584,659,322
Safe,228,714,178,683,403
Safe,307,534,611,462
Outlier,
Bordeline,182
Rare,502
Bordeline,169,414,148
Safe,268,374,715,428,682
Bordeline,192,373
Safe,635,315,219,177
Safe,97,3,511,640,476
Safe,527,242,3,205
Safe,41,628,233,134
Safe,396,499,242,77,391
Safe,283,26,18,569
Safe,649,260,715,293,19
Bordeline,734
Bordeline,331,297
Outlier,
Safe,683,534,714,404,45
Bordeline,123,2
Bordeline,132,701
Bordeline,648,338,126
Rare,207
Safe,606,251,72,347
Safe,511,528,640,552,263
Bordeline,44,339,100
Bordeline,66
Outlier,
Bordeline,157,408,608
Safe,267,78,423,481
Bordeline,87,208,359
Bordeline,128,605
Bordeline,316,168,520
Safe,26,75,732,418
Safe,554,462,81,524
Safe,409,315,308,640,263
Bordeline,131,87,100
Bordeline,628,365,134
Safe,197,554,102,341,242
Safe,268,614,715,347,659
Bordeline,699
Safe,698,453,434,539,664
Bordeline,521,430
Safe,546,270,149,518
Safe,642,413,587,352,325
Rare,670
Bordeline,58,558,108
Safe,229,610,82,218,454
Outlier,
Outlier,
Bordeline,734,94
Safe,111,2,22,225
Safe,242,27,340,493
Safe,194,175,255,534
Safe,80,289,513,672,428
Bordeline,327
Safe,81,652,462,156,59
Bordeline,462,51
Bordeline,737,590,467
Safe,749,563,398,107,340
Safe,46,211,555,177
Safe,567,5,262,219,712
Safe,544,51,5,567,501
Safe,533,50,341,534,560
Bordeline,452,152,196
Safe,208,650,637,9,214
Bordeline,10,355
Bordeline,546,696
Safe,498,584,466,253
Outlier,
Safe,165,325,34,65
Safe,352,324,455,107
Bordeline,124
Bordeline,138,309
Bordeline,304,94
Bordeline,728
Bordeline,445,66,594
Bordeline,270,236
Safe,473,429,564,386,242
Bordeline,146,181,516
Bordeline,466,556,104
Safe,535,455,352,317
Bordeline,711,85,725
Bordeline,251,279
Safe,126,400,648,275
Safe,719,118,279,210
Safe,27,91,34,242,307
Safe,560,317,533,197,455
Bordeline,459,663
Bordeline,713,562
Safe,536,197,685,77,500
Safe,535,59,260,530,300
Safe,93,159,153,415
Safe,535,615,268,293,649
Bordeline,457,568
Bordeline,182
Bordeline,245,633
Bordeline,14,400,374
Safe,455,533,341,317
Bordeline,195,332,564
Safe,590,737,593,227,312
Safe,501,575,361,398,607
Bordeline,150
Safe,401,42,578,218
Bordeline,40
Safe,292,554,87,426,637
Bordeline,447,351
Safe,153,355,240,680,501
Bordeline,377,429,1
Safe,548,201,34,68,194
Bordeline,469,383
Safe,469,458,134,233
Bordeline,488,483,281
Safe,554,102,656,292,59
Bordeline,183,448,149
Bordeline,116
Bordeline,188,299,670
Bordeline,631,94,459
Bordeline,663,436
Bordeline,718,261,338
Safe,118,462,428,59,97
Outlier,
Bordeline,182
Bordeline,28,120,79
Safe,178,552,272,396,748
Safe,654,638,692,126
Safe,606,588,615,665,251
Safe,732,344,739,8,552
Bordeline,659,0
Bordeline,128,236
Bordeline,697
Bordeline,368,699
Safe,102,332,64,335
Outlier,
Bordeline,66,412
Safe,228,64,165,89,324
Safe,284,54,161,27
Safe,732,480,695,194
Outlier,
Safe,80,453,591,524,500
Bordeline,188
Bordeline,635,177,219
Safe,499,266,292,242,197
Bordeline,54,584
Safe,501,567,5,316,315
Safe,57,126,163,429
Safe,163,623,338,351,374
Safe,357,587,591,584
Safe,35,716,616,520,651
Safe,51,28,544,523,254
Safe,695,534,174,139,272
Bordeline,735,115,468
Bordeline,151
Safe,14,163,426,118,535
Bordeline,576,282,343
Safe,289,98,307,5,683
Rare,639
Bordeline,180,38
Bordeline,594,70,66
Safe,24,585,77,523,668
Bordeline,539,575
Bordeline,93,630,167
Safe,24,585,453,627
Safe,61,714,170,536
Safe,68,255,26,480
Safe,95,231,587,338
Bordeline,55,176
Bordeline,176
Outlier,
Safe,5,23,462,170,25
Safe,649,1,650,429,9
Bordeline,53,332,64
Safe,126,5,292,359
Bordeline,55
Safe,174,374,462,669
Safe,9,650,534,499,98
Bordeline,171
Safe,52,168,78,190,80
Safe,38,408,474,2
Bordeline,497,189
Bordeline,592,541,674
Bordeline,568,184
Bordeline,199,372
Bordeline,136,700,246
Safe,740,518,448,149
Safe,121,194,314,326,440
Safe,539,42,444,158,439
Bordeline,648,591,126
Safe,75,194,480,423
Bordeline,248,125
Bordeline,34,121
Bordeline,330
Safe,382,87,634,718,373
Bordeline,129,374,118
Bordeline,236,368
Bordeline,696,243,331
Bordeline,596,269
Bordeline,142,152
Bordeline,318,152,248
Safe,56,393,741,416,664
Safe,610,79,109,229,301
Safe,352,533,317,341,560
Bordeline,304,116
Rare,303
Bordeline,469,727
Bordeline,94
Safe,668,644,325,80
Bordeline,92,199,39
Safe,5,175,317,533
Outlier,
Bordeline,40,55
Safe,527,513,24,264,357
Safe,104,623,400,584,322
Bordeline,464,181
Bordeline,394
Bordeline,458,727
Safe,621,162,247,200,170
Bordeline,222
Safe,47,670,189,667,506
Safe,332,528,9,396,429
Bordeline,38,432
Safe,194,75,307,575
Safe,650,683,429,9,511
Safe,324,34,325,314
Safe,475,18,121,194
Safe,87,689,208,193
Safe,486,194,695,391,442
Safe,206,5,683,45,283
Safe,31,144,56,107
Bordeline,660,497,488
Bordeline,376,745,176
Safe,374,80,292,242
Safe,480,695,391,194,545
Bordeline,81
Safe,483,366,145,497
Safe,119,29,704,62,232
Safe,624,138,632,408
Bordeline,546
Safe,134,233,265,49
Safe,306,46,507,239,0
Bordeline,311,496
Bordeline,740,149
Bordeline,18,494
Outlier,
Bordeline,561,322,338
Safe,396,197,429,165,9
Bordeline,509,58,173
Safe,567,5,316,575
Rare,258
Safe,473,362,505,112,558
Outlier,
Safe,564,230,9,112
Bordeline,667,47,370
Bordeline,362,1
Safe,617,298,724,322
Bordeline,500,173,197
Bordeline,152,643
Safe,640,278,476,719,263
Bordeline,92,436,199
Safe,527,91,314,308,572
Bordeline,660,189,483
Safe,118,588,339,719,175
Bordeline,370,745,333
Outlier,
Safe,438,546,297,41,321
Bordeline,36,438
Safe,651,35,716,616,15
Bordeline,444,437
Safe,62,119,29,489,162
Safe,51,622,403,246,544
Bordeline,171
Bordeline,690,623,151
Safe,585,77,622,417
Safe,465,513,264,700,121
Safe,640,278,476,552,650
Bordeline,336,350
Safe,715,634,499,3,260
Bordeline,662,578
Bordeline,572
Safe,317,455,352,341,462
Safe,317,98,429,45,165
Safe,335,347,715,352
Safe,344,559,61,417,661
Bordeline,141,673,40
Bordeline,182,349,590
Bordeline,34,314,340
Outlier,
Safe,741,500,169,665
Safe,211,177,219,76,314
Bordeline,188
Bordeline,51,316
Safe,44,462,480,669,423
Safe,297,518,321,270
Safe,710,509,300,649
Safe,363,34,513,669
Bordeline,670
Bordeline,456
Bordeline,640,250,454
Safe,528,278,210,27,381
Safe,293,77,11,692,344
Safe,292,59,367,288,359
Bordeline,219,314,177
Outlier,
Bordeline,6,602
Safe,741,210,58,362
Safe,536,341,560,462
Safe,341,317,165,197,533
Safe,498,406,736,702
Bordeline,22,154
Safe,313,107,316,341
Safe,112,505,332,27,682
Bordeline,33,233
Safe,724,399,638,642
Safe,5,315,219,712,177
Rare,184
Safe,409,194,267,289
Bordeline,19,108,351
Bordeline,20,376,510
Safe,532,121,539,513,314
Outlier,
Bordeline,192,419,231
Bordeline,501
Bordeline,408,238
Bordeline,630,93,589
Safe,52,51,119,232,621
Bordeline,727,294
Bordeline,314,194
Bordeline,7,709
Safe,231,595,104,690
Safe,395,262,173,567,315
Safe,322,397,104,401
Safe,24,523,413,416,43
Bordeline,663,631
Safe,95,419,126,165
Safe,97,515,719,615,129
Safe,630,577,93,487
Bordeline,593,354,737
Bordeline,393,126,654
Safe,682,374,108,9
Bordeline,590,354
Bordeline,66,412,745
Safe,104,582,690,406
Rare,21
Safe,523,352,219,177
Safe,95,65,645,419,324
Bordeline,720,30
Bordeline,200,523,29
Safe,661,31,107,607
Bordeline,733
Bordeline,100
Outlier,
Bordeline,128,285
Safe,380,251,707,597
Safe,377,65,714,698
Bordeline,38,282
Outlier,
Safe,301,229,454,202,82
Safe,255,462,534,263
Bordeline,306,139,698
Bordeline,138
Safe,268,293,112,715,260
Safe,59,671,251,97,588
Safe,716,35,402,202,610
Bordeline,108,319,104
Bordeline,409,25,423
Bordeline,299
Bordeline,327
Safe,162,470,185,119,247
Bordeline,523,51
Bordeline,104,625,400
Safe,138,490,22,48
Bordeline,623,163
Bordeline,185,162,621
Safe,130,42,416,78
Bordeline,41,265
Bordeline,643,127
Safe,93,577,415,211
Bordeline,663,586
Safe,490,488,451,686,394
Bordeline,713,154,745
Safe,659,19,530,104,27
Bordeline,177,395,219
Bordeline,199,746
Safe,324,645,359,27,650
Safe,692,566,642,724,379
Rare,410
Safe,511,528,278,719,409
Safe,649,268,14,407
Safe,244,126,566,298
Outlier,
Safe,460,175,621,43
Safe,637,242,292,499,598
Bordeline,222,180
Rare,4
Safe,126,275,338,441
Safe,268,424,88,260,535
Safe,429,9,476,424,1
Safe,15,520,17,616,402
Safe,50,310,59,317
Safe,610,229,301,82,75
Bordeline,151,224,591
Safe,533,246,317,534,165
Safe,292,554,367,749,279
Bordeline,491
Safe,391,739,732,480,674
Safe,634,692,649,293,382
Bordeline,483,22
Safe,601,292,341,536
Safe,578,531,110,202
Bordeline,586,631,372
Safe,687,592,453,171
Safe,59,671,554,615,741
Bordeline,172
Safe,506,47,472,464
Safe,460,398,80,315,52
Safe,428,695,703,442,462
Rare,299
Safe,615,59,173,665,721
Safe,98,534,165,45,341
Bordeline,537,370,299
Safe,658,739,732,447
Safe,3,442,263,75,391
Safe,499,429,9,650,255
Bordeline,151,57,567
Bordeline,36,519
Outlier,
Bordeline,240,5
Bordeline,609,469,458
Safe,1,174,101,139,429
Safe,272,714,534,45,476
Safe,634,108,386,3,424
Bordeline,344,739
Rare,147
Safe,664,539,171,558
Bordeline,448
Safe,738,479,391,695
Safe,104,623,582,595
Bordeline,545,423
Bordeline,659,638,126
Safe,91,255,80,635,480
Bordeline,178,200,600
Safe,480,534,194,391,404
Bordeline,383
Bordeline,457,594,516
Safe,295,607,65,453,409
Safe,183,294,385,368
Bordeline,316,255
Bordeline,132,182
Safe,561,630,556,406
Safe,669,428,174,1
Safe,489,170,470,247,69
Safe,513,34,712,465,548
Bordeline,549,660
Safe,741,60,462,118
Bordeline,557,127,673
Outlier,
Bordeline,547,110,741
Bordeline,336,40
Safe,567,501,5,315,317
Bordeline,154,343,633
Safe,683,254,607,417
Safe,268,535,260,614,293
Safe,35,402,616,520,651
Bordeline,671,1,682
Safe,373,739,374,87
Safe,567,97,129,339,118
Outlier,
Safe,173,197,59,671,499
Bordeline,660
Outlier,
Bordeline,566,231,399
Bordeline,336,179
Safe,480,695,61,669
Bordeline,458
Bordeline,436
Outlier,
Safe,464,111,40,483
Bordeline,524,171
Safe,391,739,1,75,193
Rare,181
Bordeline,304,269
Bordeline,405,737
Safe,561,473,642,126,498
Bordeline,590,312,354
Safe,689,424,19,268
Bordeline,732,118,374
Safe,438,495,217,265
Safe,541,707,558,453
Bordeline,196
Outlier,
Bordeline,140
Safe,594,154,562,66
Bordeline,636
Safe,206,567,5,25,460
Safe,197,352,118,533
Bordeline,313,656