Safe,18,14,4,10,22
Safe,13,25,22,0,4
Bordeline,12,9,20
Safe,21,12,20,9
Safe,8,0,22,14,18
Safe,23,32,14,18
Bordeline,33,19,29
Safe,18,30,22,17,8
Safe,4,22,16,18,14
Bordeline,26,20,21
Safe,17,14,0,18,7
Safe,30,19,29,15
Safe,20,2,3,21
Safe,1,25,22,30,18
Safe,18,0,10,4,17
Safe,11,24,29,19
Safe,8,22,25,17,7
Safe,10,14,18,0,8
Safe,0,14,30,22,17
Safe,29,33,11,32
Bordeline,12,21
Safe,3,20,12,9
Safe,25,8,30,18,4
Safe,5,10,17,32,29
Safe,22,11,15,29
Safe,22,1,13,8,16
Bordeline,9
Safe,22,8,18,4,16
Safe,30,18,14,22,8
Safe,19,32,33,11
Safe,18,22,14,4,0
Safe,14,18,30,22,32
Safe,29,5,19,23
Safe,6,29,19,13,32