Bordeline,120,192,540
Outlier,
Bordeline,195,455
Bordeline,9,289,114
Rare,532
Bordeline,419,618
Safe,506,75,584,740,635
Bordeline,332,69,513
Safe,151,597,253,493
Bordeline,44
Safe,215,566,195,47
Bordeline,31,178
Safe,690,588,18,141,650
Safe,345,389,137,621,18
Safe,314,530,244,140,422
Bordeline,72,188
Bordeline,391,171,67
Safe,434,357,510,317
Safe,141,12,588,650,103
Bordeline,623,240,132
Outlier,
Safe,236,89,324,463,495
Safe,560,34,121,155,32
Bordeline,223
Bordeline,260
Bordeline,329,728,612
Bordeline,129,458,295
Bordeline,595,592
Safe,574,485,377,456
Safe,477,634,657,282,141
Bordeline,346,390,637
Bordeline,205,341,736
Safe,733,292,141,560,282
Safe,424,511,588,443,128
Safe,121,423,583,32,560
Outlier,
Bordeline,66,522,339
Bordeline,622
Safe,190,570,661,229,439
Outlier,
Bordeline,382,468,367
Bordeline,82
Bordeline,185,513
Safe,575,553,271,221
Bordeline,513,177,185
Safe,242,747,381,638,631
Bordeline,426,184,154
Bordeline,215,195,41
Safe,275,257,739,614
Safe,422,502,636,429,314
Safe,261,403,733,197
Bordeline,673,253
Bordeline,254,567
Rare,163
Safe,273,592,595,27,571
Bordeline,666,348,137
Safe,568,282,70,76,565
Safe,571,372,321,520
Safe,633,141,588,32,456
Safe,493,213,12,18,485
Bordeline,267,345,278
Outlier,
Bordeline,386,395
Safe,586,287,509,119
Bordeline,305
Bordeline,86,240
Safe,655,36,748,105,197
Bordeline,628
Bordeline,713,532,360
Bordeline,513,601
Safe,56,234,565,568,329
Safe,197,99,655,690,403
Bordeline,15
Safe,118,357,295,367,456
Bordeline,159,562,739
Safe,383,122,6,322,737
Safe,282,345,358,402,292
Bordeline,148,419
Safe,708,107,478,611
Safe,422,262,571,140,161
Outlier,
Safe,251,569,278,526,295
Bordeline,416,41
Bordeline,269,676
Safe,502,530,428,248
Safe,151,709,431,693
Bordeline,65,312
Safe,135,497,441,115
Safe,591,678,288,745
Safe,617,540,714,299,324
Safe,328,450,284,556
Outlier,
Safe,388,256,249,153,550
Safe,690,320,259,12
Safe,667,444,420,663,536
Bordeline,173
Bordeline,538,260,669
Bordeline,707,683
Bordeline,148
Safe,71,197,741,141,282
Outlier,
Safe,277,510,295,499
Safe,431,197,655,28,71
Safe,588,511,141,650,12
Bordeline,551
Safe,700,403,655,371,268
Bordeline,719,572
Safe,78,482,463,216,494
Bordeline,2
Safe,652,132,460,83
Safe,403,733,371,275,485
Bordeline,7
Safe,611,497,494,463
Bordeline,388,554
Bordeline,341,185
Safe,611,723,206,730,216
Bordeline,419,298
Outlier,
Safe,73,456,357,479
Safe,575,553,263,38,276
Safe,192,663,536,739,428
Safe,34,583,423,32,261
Bordeline,278,75,584
Outlier,
Bordeline,683
Bordeline,703,178
Bordeline,574,175,320
Bordeline,305,132
Safe,33,136,512,71,429
Safe,26,295,462,235
Bordeline,419
Bordeline,598,363
Safe,460,127,142,109
Bordeline,269,517
Bordeline,346,736
Safe,203,671,87,478
Safe,511,730,89,103
Safe,655,666,413,13,55
Bordeline,491,475,501
Rare,558
Safe,161,621,79,244,14
Safe,18,32,292,282,588
Bordeline,239,132
Bordeline,236,574,37
Outlier,
Safe,607,303,297,720,382
Bordeline,512,611
Bordeline,503,254
Bordeline,222,77
Bordeline,451,435
Outlier,
Bordeline,497,597,8
Safe,160,670,695,572
Safe,225,747,388,383,297
Bordeline,210,741,568
Safe,22,614,570,275,632
Bordeline,600,369
Safe,604,263,325,542,49
Safe,292,32,282,560,403
Bordeline,210,565,74
Bordeline,670
Safe,629,493,140,79,59
Safe,194,550,561,404
Outlier,
Outlier,
Safe,470,514,141,321,741
Rare,746
Safe,700,699,107,105,154
Bordeline,341,114
Bordeline,707,410
Safe,325,741,586,287
Rare,391
Safe,650,57,501,321
Bordeline,541,201
Outlier,
Safe,179,126,711,389
Bordeline,369
Bordeline,719,609,44
Rare,315
Bordeline,175,666,126
Safe,18,13,433,501,151
Bordeline,77,363
Outlier,
Bordeline,541,207
Safe,46,571,27,688
Bordeline,736,114
Safe,355,78,722,584
Safe,320,259,514,343,512
Bordeline,683,281
Safe,48,257,371,612,528
Safe,439,229,38,225,614
Bordeline,713,68
Safe,120,739,663,536,428
Bordeline,233,213
Bordeline,162,155,216
Bordeline,2,692
Safe,272,110,308,726,48
Safe,655,71,403,261,99
Bordeline,77,4
Safe,477,29,664,727,423
Bordeline,494,379
Bordeline,148,77,173
Safe,377,420,527,635,491
Bordeline,674,135
Safe,734,510,280,505
Bordeline,31,736,23
Safe,614,733,261,730
Bordeline,222,430,148
Safe,303,614,464,599
Outlier,
Bordeline,159,154,684
Bordeline,705
Bordeline,738,383,651
Bordeline,59,122,493
Bordeline,178
Safe,195,47,222,627,10
Safe,635,482,674,110
Safe,451,287,684,441
Safe,482,447,584,674,597
Safe,687,472,571,514
Safe,531,496,140,426,348
Safe,43,538,725,271
Bordeline,207,148
Bordeline,23,572,695
Rare,454
Safe,439,190,614,739,48
Outlier,
Bordeline,322,387,229
Bordeline,689,23
Safe,702,190,227,439,38
Bordeline,294,327,306
Bordeline,311,598,532
Safe,732,437,398,710,575
Bordeline,545,193
Safe,70,282,258,158,268
Safe,295,740,702,32
Safe,448,21,485,324
Safe,342,377,384,317
Outlier,
Bordeline,142
Bordeline,65,5
Outlier,
Safe,45,631,638,381,471
Bordeline,603,38,190
Safe,604,748,197,690,140
Outlier,
Bordeline,11,637,30
Safe,739,682,510,540
Bordeline,650,718,522
Bordeline,523,617
Safe,297,672,398,406
Safe,81,278,290,384
Bordeline,713
Bordeline,493,394
Bordeline,52,567,566
Bordeline,395
Safe,550,92,704,258
Bordeline,48,275,663
Safe,708,234,478,615
Safe,320,514,413,730,187
Bordeline,295,458
Safe,733,50,403,206
Bordeline,604,79,422
Safe,542,664,157,119,197
Outlier,
Safe,287,13,655,339,71
Bordeline,457,395
Safe,60,345,278,121
Safe,528,76,282,345,34
Bordeline,676,83
Bordeline,565,706,310
Safe,682,204,666,725
Bordeline,726,261
Safe,520,57,592,372
Bordeline,283,678,567
Safe,48,614,257,603,739
Safe,523,612,258,660,739
Safe,562,614,101,499,556
Safe,122,235,447,345
Bordeline,411,659,171
Safe,607,204,303,734,304
Bordeline,457,508
Safe,292,76,32,403,141
Bordeline,685,581,274
Safe,328,484,668,727,121
Bordeline,457,281
Outlier,
Bordeline,265,741,63
Bordeline,678,591
Bordeline,3,11,214
Safe,405,251,33,723,334
Outlier,
Safe,282,158,32,141,76
Safe,76,580,473,402,282
Safe,230,438,306,483
Safe,235,73,458,434,367
Outlier,
Safe,550,190,145,208
Outlier,
Safe,89,714,450,328,668
Safe,48,89,727,71,284
Safe,570,404,38,625
Rare,296
Safe,208,734,720,204,510
Bordeline,257
Bordeline,127,467
Bordeline,736
Safe,82,577,41,610,1
Bordeline,225,702,367
Bordeline,195
Bordeline,565,56,70
Safe,231,365,480,745
Bordeline,365,618,86
Bordeline,400
Safe,14,422,244,140,604
Rare,178
Safe,531,161,200,722
Bordeline,377,510,258
Safe,210,170,325,287
Bordeline,646,502,253
Bordeline,93,126,259
Safe,741,57,165,650
Safe,227,710,387,747
Bordeline,697,424,547
Safe,89,540,21,617,236
Bordeline,422,170,690
Bordeline,744,9
Rare,639
Safe,450,284,668,540,556
Safe,472,25,70,615,642
Bordeline,126
Bordeline,70,466
Bordeline,7
Bordeline,435,738,461
Bordeline,384,576,408
Safe,383,435,333,550
Safe,477,488,58,355
Safe,749,464,726,38,208
Safe,232,638,440,732,437
Safe,655,351,197,50
Bordeline,416,82,567
Bordeline,114
Safe,384,518,380,50,403
Bordeline,711,187,320
Bordeline,488,547,456
Safe,76,282,278,268
Bordeline,134,30
Outlier,
Bordeline,55,666,492
Bordeline,731,712,353
Bordeline,720,38,464
Safe,424,339,429,655,621
Bordeline,736,134
Safe,261,726,733,32,121
Bordeline,386,683
Bordeline,186,528,268
Bordeline,271,682
Safe,73,118,456,295,367
Safe,76,621,396,278,547
Rare,298
Safe,5,68,77,419
Bordeline,414,654,430
Bordeline,620
Bordeline,467,654,598
Bordeline,392,543,375
Bordeline,698,176
Outlier,
Safe,73,456,295,702,468
Bordeline,377,709
Bordeline,645,176
Safe,398,638,471,45
Safe,48,110,442,105
Safe,571,57,687,525,502
Safe,673,63,321,27
Safe,488,718,493,502,680
Bordeline,364,174
Bordeline,527,60
Safe,368,28,206,73,590
Outlier,
Bordeline,584,257
Safe,518,533,403,110
Safe,45,227,242,398,471
Safe,667,715,607,505
Safe,75,153,335,738,550
Safe,342,334,434,206,73
Bordeline,20,594,148
Bordeline,62,395,551
Bordeline,227,322,528
Safe,509,153,225,92
Safe,13,547,655,706,76
Bordeline,30
Rare,171
Bordeline,364,543,645
Safe,261,726,733,507
Bordeline,253,493,408
Bordeline,62,266
Safe,358,345,235,479,547
Bordeline,360
Safe,437,232,370,471,732
Bordeline,481
Bordeline,577,207,743
Safe,393,99,528,700,712
Safe,76,292,282,580,345
Safe,733,110,261,197,282
Safe,570,38,50,192,301
Bordeline,290,666,33
Safe,644,728,539,99
Safe,141,18,32,650
Safe,493,334,588,308
Bordeline,572,582
Bordeline,707,169
Bordeline,279,659
Bordeline,196
Safe,614,655,137,547
Bordeline,430
Safe,43,553,263,509
Bordeline,340,82,183
Safe,57,70,453,325
Bordeline,222
Bordeline,5
Bordeline,94,465,491
Bordeline,588,334
Safe,79,325,690,604,314
Safe,34,121,32,583,633
Safe,33,588,621,278,547
Outlier,
Safe,46,259,320,8,184
Safe,229,374,664,606
Bordeline,192,120
Safe,655,351,574,621,666
Bordeline,705,207
Safe,102,497,71,197
Outlier,
Safe,501,560,151,18,718
Safe,295,714,458,73
Safe,738,333,587,461
Bordeline,184,422,27
Safe,732,710,398,232,471
Bordeline,294,230,306
Bordeline,190,225
Bordeline,338,383,140
Safe,50,197,485,403
Safe,569,371,612,105,358
Safe,367,466,462,606,33
Bordeline,94,667
Safe,530,690,12,14
Bordeline,532
Bordeline,584,278,580
Safe,236,484,630,300,662
Bordeline,736,306
Safe,328,668,540,299,18
Bordeline,684,217
Outlier,
Bordeline,165,470
Rare,224
Bordeline,2
Safe,118,511,73,367,295
Bordeline,508,281
Safe,295,434,73,235
Bordeline,239,452
Bordeline,132,109
Safe,435,333,738,469
Safe,443,545,129,511,12
Safe,21,611,112,497,485
Safe,337,607,208,749,726
Bordeline,122,196
Bordeline,443,511
Bordeline,363,598,654
Safe,702,367,556,295
Bordeline,632
Safe,165,565,741,141,560
Safe,561,638,398,437,631
Safe,514,219,687,329,530
Safe,726,580,583,702
Bordeline,643,224
Bordeline,421,21,138
Bordeline,69
Safe,29,336,528,199
Safe,708,258,518,78
Safe,295,73,118,396,235
Bordeline,311,47
Bordeline,399,563,305
Bordeline,597,216,218
Bordeline,549,223
Safe,284,71,300,528
Safe,730,206,733,110,275
Bordeline,536,120,192
Bordeline,542,136
Safe,547,344,621,358
Safe,740,229,381,227
Bordeline,524,291,543
Safe,138,420,622,37
Bordeline,439,203
Safe,59,629,408,576,161
Bordeline,112,107
Safe,21,604,275,690,514
Safe,244,539,493,161,102
Bordeline,151,431,112
Outlier,
Safe,277,101,614,34,121
Safe,747,45,381,387,242
Bordeline,18,433,248
Bordeline,84,428,687
Bordeline,147,480
Outlier,
Safe,583,204,533,303
Bordeline,6
Safe,655,76,403,533
Bordeline,457,551,281
Safe,388,322,492,225,63
Safe,614,247,206,204
Safe,456,136,103,588,33
Safe,146,128,8,690,187
Bordeline,69,601,44
Safe,472,165,687,495,530
Bordeline,677
Bordeline,563
Bordeline,5,77
Bordeline,380,708,533
Safe,112,684,722,611
Bordeline,571,57,273
Bordeline,132,392
Safe,748,248,534,140,621
Safe,276,249,258,626
Bordeline,490,365
Bordeline,372,687,159
Safe,342,384,33,576
Safe,376,122,129,649
Safe,387,268,583,76
Bordeline,641,578
Bordeline,445,89,690
Safe,316,700,686,662,319
Rare,4
Safe,542,518,380,505,507
Safe,522,99,441,644,748
Bordeline,707,169,97
Bordeline,120,486,192
Bordeline,579,701
Bordeline,642,221
Safe,748,621,588,244,140
Safe,739,89,730,328,247
Bordeline,173,183,207
Safe,533,197,487,263
Bordeline,563
Outlier,
Safe,367,73,462,606,295
Bordeline,542,263,497
Safe,235,488,76,655,344
Outlier,
Bordeline,689,483
Safe,614,297,632,206,510
Bordeline,508
Bordeline,52,567
Safe,575,38,119,43,570
Safe,206,275,632,216,342
Outlier,
Safe,292,235,702,614,34
Bordeline,95,678,291
Outlier,
Outlier,
Safe,32,34,121,22,158
Safe,631,471,242,162,714
Safe,614,277,739,206,275
Bordeline,516,543
Bordeline,23,513,286
Safe,310,70,56,560,159
Safe,567,254,52,182
Bordeline,566,254,52
Safe,56,70,282,565,741
Safe,442,81,632,554,251
Bordeline,38
Safe,372,687,57,520,79
Bordeline,695
Outlier,
Bordeline,28,485,126
Safe,553,43,119,232,38
Safe,493,32,633,278,334
Bordeline,400,82
Bordeline,677
Bordeline,537,701
Bordeline,583,121,76
Bordeline,283
Safe,572,695,409,223
Safe,121,34,580,528
Safe,447,278,358,122
Bordeline,567,641
Safe,63,170,325,287
Safe,718,740,435,428
Safe,103,12,141,424,511
Safe,99,466,511,506
Bordeline,377,384,510
Bordeline,88,288,678
Bordeline,27,273
Safe,79,253,493,59
Bordeline,385,95,201
Safe,27,571,687,472,219
Rare,724
Safe,482,611,300,151,424
Bordeline,677,77
Bordeline,208,603,607
Bordeline,156,369
Bordeline,513,69
Bordeline,568,334,565
Safe,275,243,570,614
Safe,244,495,422,690,197
Bordeline,169,391
Safe,443,545,468,702
Safe,464,280,749,145,303
Safe,437,732,232,714,434
Bordeline,177,558,637
Bordeline,400
Safe,112,115,597,78,463
Safe,48,739,614,225
Safe,500,747,387,45,333
Safe,739,562,206,275,510
Safe,258,655,547,530,329
Rare,144
Safe,89,540,530,324,208
Bordeline,5
Outlier,
Bordeline,551,508
Safe,539,424,358,547,488
Bordeline,37,472
Rare,696
Bordeline,188
Safe,403,301,533,50
Safe,277,101,739,682,614
Bordeline,215
Bordeline,67,281,508
Safe,493,161,12,711,748
Safe,324,21,463,484,236
Safe,242,561,471,45,153
Safe,671,550,469,206,155
Safe,32,576,58,423,733
Safe,29,655,547,197,284
Bordeline,216,674,203
Safe,49,666,79,642,137
Bordeline,609,558
Safe,471,45,370,242,398
Outlier,
Safe,706,56,268,389,345
Outlier,
Bordeline,538,329,258
Bordeline,410
Bordeline,406,441,534
Bordeline,369,176
Bordeline,319,502,253
Bordeline,591,288
Bordeline,204,434
Safe,129,694,545,75,295
Bordeline,387,141,248
Safe,638,153,45,212
Bordeline,109,455
Bordeline,635,216
Safe,363,467,430,222
Safe,197,71,339,403,547
Safe,434,299,456,247
Safe,282,292,50,32,29
Bordeline,266
Bordeline,279
Safe,739,614,709,192,556
Safe,38,337,190,509
Bordeline,323
Safe,120,192,739,536,614
Safe,322,141,34,121,702
Bordeline,23,152,695
Safe,271,55,137,405
Bordeline,382,94
Safe,450,284,328,103,299
Bordeline,546,138
Bordeline,160,164
Safe,632,206,135,377,733
Bordeline,250,297
Bordeline,51,253,57
Safe,203,635,216,708
Outlier,
Bordeline,269,83,222
Bordeline,598,578
Bordeline,288,735,88
Bordeline,160,44
Safe,621,502,374,718,646
Bordeline,67,410
Safe,739,247,510,271,660
Bordeline,707,97
Bordeline,451,329,210
Bordeline,283
Bordeline,465,700,531
Safe,219,571,472,372
Safe,568,184,602,154
Bordeline,549
Safe,12,71,445,530,93
Outlier,
Bordeline,195
Safe,328,85,59,710
Safe,136,649,89,487,263
Safe,572,152,160,223
Rare,623
Safe,323,308,75,122,105
Bordeline,365,559,5
Safe,712,167,401,186,519
Safe,167,105,507,76,528
Bordeline,572,223
Safe,229,235,468,556,367
Outlier,
Safe,510,614,380,303
Bordeline,430,419
Safe,640,389,76,345
Bordeline,97,683,169
Safe,478,258,518,78
Safe,536,660,192,120
Safe,437,322,747,732,398
Safe,629,343,493,12
Safe,401,282,403,349,671
Bordeline,68,191,252
Safe,434,89,740,235,299
Bordeline,382,704
Safe,136,511,722,118
Outlier,
Safe,587,740,248,428
Bordeline,572,177,106
Safe,303,208,505,145
Safe,493,437,398,14
Bordeline,112,716
Safe,730,115,540,258,536
Rare,596
Bordeline,271,94,43
Safe,272,393,261,353,38
Safe,284,668,300,621,199
Bordeline,25,406,329
Bordeline,471,638,153
Safe,206,485,136,540,261
Bordeline,349,402,712
Safe,437,232,710,398,702
Safe,261,403,32,206,50
Safe,303,204,208,280,607
Bordeline,678,150
Bordeline,306,185
Safe,75,94,367,295
Bordeline,435,333,383
Safe,614,660,192,120,663
Bordeline,235,714,718
Safe,321,99,165,170
Bordeline,164,139
Safe,400,41,144,430
Bordeline,341,44
Safe,364,88,311,47
Rare,166
Safe,322,710,45,500,153
Safe,539,244,522,629,99
Safe,337,607,464,208