Safe,105,628,465,559,377
Safe,142,668,157,735,6
Safe,630,142,428,653,530
Safe,72,375,675,164,634
Safe,74,244,31,661
Safe,97,343,154,304
Bordeline,349,391,142
Safe,638,232,275,472
Safe,168,653,142,391,251
Safe,267,185,729,71
Bordeline,163,259
Safe,53,653,153,142
Bordeline,89,208
Safe,731,277,619,554,585
Bordeline,527,484
Safe,20,639,477,437
Bordeline,260,308,520
Bordeline,352,592
Bordeline,138,336
Rare,483
Safe,437,210,670,15
Bordeline,245
Bordeline,260,405,255
Safe,217,460,145,25,327
Safe,59,423,204,261,609
Safe,327,217,23,82,334
Safe,215,628,229,190
Safe,261,252,583,715,702
Bordeline,258,435,354
Bordeline,481,579,480
Safe,416,351,171,376
Safe,180,244,4,627
Safe,672,463,563,31,334
Safe,36,243,8,428,218
Bordeline,669,494,350
Bordeline,644,517
Safe,243,33,312,291,607
Safe,153,653,235,62
Safe,461,70,404,661,270
Safe,102,383,395,453,84
Bordeline,609,313
Safe,146,584,105,207,516
Bordeline,400,66
Safe,365,289,229,394,467
Outlier,
Safe,517,499,205,231
Outlier,
Bordeline,76,513
Safe,519,112,409,234
Bordeline,90,108
Bordeline,713,579,746
Rare,60
Safe,344,190,291,508
Safe,629,117,207,11,168
Safe,558,395,562,456,114
Bordeline,568,302,109
Outlier,
Outlier,
Bordeline,553
Safe,24,204,252,261,423
Rare,51
Bordeline,418,250,726
Safe,268,128,153,162,391
Safe,382,235,291,344,581
Bordeline,237,496,644
Bordeline,721,448,539
Safe,133,42,568,612
Bordeline,554
Safe,537,327,544,416,475
Safe,157,102,583,443
Bordeline,661,698,690
Safe,140,388,9,185,167
Bordeline,3,620,325
Bordeline,155
Safe,387,4,607,351
Bordeline,669,551,188
Safe,513,47,559,698
Bordeline,586,580
Bordeline,544,532
Bordeline,360,31,180
Bordeline,689,501,411
Safe,502,557,407,299
Bordeline,346,691,660
Safe,539,448,491,291,171
Safe,102,453,304,343,729
Safe,174,671,539,413,445
Bordeline,209,743,90
Bordeline,440,180
Outlier,
Bordeline,205,662,12
Bordeline,49,86
Safe,567,489,503,304
Bordeline,177,645
Rare,564
Bordeline,16
Bordeline,177,152
Rare,149
Safe,5,343,304,154,569
Bordeline,621,701,75
Bordeline,643,514
Safe,489,453,584,576,84
Safe,141,326,288,274
Safe,395,453,39,84,157
Bordeline,387,320,132
Bordeline,655,554
Safe,518,628,0,384,41
Safe,233,164,3,308,461
Outlier,
Safe,49,743,659,483
Bordeline,524,55
Bordeline,237,263,133
Bordeline,676,389
Bordeline,234,415,48
Bordeline,647,625
Bordeline,54,628,558
Safe,190,289,291,581
Outlier,
Safe,391,530,168,629,53
Bordeline,258,339
Rare,198
Safe,151,470,213,150,571
Bordeline,621,319,701
Safe,192,686,305,31
Bordeline,306,363
Bordeline,387,39,33
Bordeline,318
Outlier,
Bordeline,460,630,513
Safe,251,394,309,84
Bordeline,146,683,81
Outlier,
Bordeline,35
Safe,638,273,469,103
Bordeline,66,568
Rare,130
Bordeline,713,579,318
Bordeline,734
Safe,688,583,262,261,733
Safe,18,584,375,675
Bordeline,742
Safe,378,71,162,515,530
Safe,101,369,705,269,449
Safe,653,168,684,8,391
Safe,394,467,304,84,264
Bordeline,748
Safe,327,217,23,448
Safe,41,516,3,629,584
Outlier,
Bordeline,205,707,109
Rare,96
Safe,294,503,546,217,213
Safe,120,454,571,599,452
Bordeline,645,95
Safe,62,117,37,326,705
Safe,569,304,389,343,448
Bordeline,480,579
Bordeline,28
Bordeline,102,166,84
Bordeline,692
Safe,621,725,577,494
Safe,714,346,310,682,217
Bordeline,310,85,266
Safe,530,268,62,235,140
Bordeline,628,168,8
Safe,634,636,3,516
Safe,493,288,712,747,448
Bordeline,395,157,310
Safe,185,729,599,267,9
Safe,251,391,8,142,117
Bordeline,541,623
Safe,312,469,315,633
Safe,549,416,439,569,394
Bordeline,731,232
Bordeline,35,208
Safe,85,413,445,419,463
Safe,604,558,54,562,628
Bordeline,282,566,349
Rare,645
Safe,402,491,730,230,607
Bordeline,318,635
Bordeline,440,31,87
Bordeline,628,251
Safe,509,84,391,602,691
Safe,187,700,47,260,497
Safe,440,180,469,330,161
Safe,729,691,84,557
Bordeline,514
Safe,594,168,653,8,251
Bordeline,551,75,107
Bordeline,177,656,254
Safe,291,581,115,671,382
Safe,503,533,413,693,265
Safe,122,686,388,52
Safe,366,508,492,364,515
Safe,680,698,322,292,374
Safe,222,373,185,457
Safe,232,584,560,138
Bordeline,499,400
Rare,119
Bordeline,339,441
Safe,103,178,402,312
Bordeline,643
Bordeline,403,457,660
Bordeline,643
Safe,59,24,261,423,252
Bordeline,89,148,45
Safe,493,511,443,280,212
Safe,549,251,629,102,289
Bordeline,237,35,644
Bordeline,716,433,86
Bordeline,669
Outlier,
Safe,381,327,416,154
Safe,503,546,454,310,294
Bordeline,380,478,311
Safe,414,5,97,648
Bordeline,42
Safe,327,503,460,23,473
Safe,628,604,181,508
Bordeline,17
Bordeline,396,433,466
Bordeline,740,69
Bordeline,195,469
Bordeline,344,460
Safe,469,334,243,33,601
Safe,689,411,269,207
Bordeline,333,386,237
Outlier,
Bordeline,463,686,330
Safe,289,610,467,394,343
Safe,312,491,469,402
Outlier,
Bordeline,604,301,175
Safe,106,3,675,375,636
Bordeline,112,48
Safe,530,373,63,382,653
Bordeline,323,483,685
Bordeline,208
Bordeline,476,588
Outlier,
Bordeline,426,173
Safe,24,479,702,429
Bordeline,19,350
Safe,36,33,581,491,291
Safe,627,31,720,4
Bordeline,314,433,220
Rare,297
Safe,154,567,569,331,206
Safe,76,117,168,628
Bordeline,437
Bordeline,745,418
Safe,168,453,128,181,629
Safe,261,423,719,59,27
Bordeline,421,83,690
Bordeline,723,189
Safe,405,22,495,256,673
Safe,676,690,207,383
Bordeline,279,489,299
Safe,28,118,580,701
Safe,114,558,628,54
Safe,47,490,16,497
Safe,423,688,137,325,252
Safe,688,552,137,261,583
Bordeline,110
Safe,549,394,171,365,154
Bordeline,538,693,191
Safe,310,161,470,137,267
Safe,562,9,558,54
Safe,62,162,128,705
Safe,369,689,571,115,682
Safe,404,52,344,515
Bordeline,643
Bordeline,692
Bordeline,638,132,124
Safe,479,288,439,717,709
Bordeline,360,720
Bordeline,133
Safe,714,619,444,13,554
Safe,611,171,416,439,365
Bordeline,557,534
Safe,610,206,583,421
Bordeline,466
Safe,176,315,83,411
Safe,705,373,476,539,25
Rare,306
Bordeline,454,82,594
Bordeline,743
Bordeline,635,481,451
Safe,717,274,369,439,162
Safe,229,439,467,610,394
Bordeline,517,35
Safe,581,190,394,549,171
Safe,620,325,102,395,714
Bordeline,559,163
Safe,150,503,729,413
Outlier,
Safe,343,609,304,394,229
Rare,246
Bordeline,447
Safe,502,81,511,320
Safe,601,503,413,536
Bordeline,232,576
Bordeline,55,574,496
Bordeline,616
Safe,343,567,154,394,569
Safe,190,537,581,706,388
Outlier,
Bordeline,134
Bordeline,181,106
Safe,128,84,394,428
Safe,266,684,428,185,470
Bordeline,457,478,380
Safe,469,36,390,170,230
Bordeline,609,456
Bordeline,433,245
Bordeline,170,282,320
Bordeline,295,342
Safe,339,220,500,494
Bordeline,746,125
Rare,577
Bordeline,299,312,103
Bordeline,605
Bordeline,620,279
Safe,525,483,210,236
Safe,383,704,395,102,459
Safe,620,655,292,102,261
Safe,153,53,629,117,289
Safe,448,217,145,539,154
Bordeline,742,177,139
Outlier,
Safe,533,184,185,228
Safe,567,104,452,655
Bordeline,352
Bordeline,386,35
Safe,460,384,378,508,682
Bordeline,585,554,104
Bordeline,485,534,389
Bordeline,431,551
Bordeline,591,74
Rare,692
Bordeline,577
Safe,151,454,24,120
Rare,723
Safe,304,97,5,154,84
Bordeline,70,508,52
Bordeline,696
Safe,691,729,82,160,454
Safe,412,457,32,195,222
Safe,672,642,419,412,25
Safe,530,373,235,391
Bordeline,34
Bordeline,610,229,416
Safe,592,17,332,742
Bordeline,500,711,319
Bordeline,734,551,28
Bordeline,332,425
Safe,373,700,310,664,165
Bordeline,227,19
Safe,32,686,601,501
Bordeline,742,332,362
Bordeline,79,275
Bordeline,386
Safe,359,385,328,332
Bordeline,550,496
Safe,404,515,566,291,416
Safe,394,289,229,43,264
Safe,515,642,193,595,83
Bordeline,96
Bordeline,405,548,648
Safe,269,288,235,653,689
Bordeline,727
Bordeline,442
Safe,52,192,244,671,344
Bordeline,235,729,185
Safe,655,24,325,194
Safe,675,3,233,138,684
Bordeline,91,30,247
Safe,0,573,663,127,146
Safe,140,334,384,460
Bordeline,639
Safe,663,311,214,478
Safe,212,405,648,416
Safe,63,671,291,460,235
Safe,39,102,704,459,207
Safe,416,334,105,251,171
Outlier,
Bordeline,333,662
Bordeline,103,74,124
Safe,63,185,686,71
Safe,569,154,304,444,691
Safe,312,102,327,424,310
Safe,668,168,117,530,142
Safe,588,160,460,344,665
Bordeline,355,425,420
Safe,304,549,291,365,171
Safe,102,637,54,434,558
Bordeline,220
Bordeline,359,139
Bordeline,480,113
Bordeline,319,734
Bordeline,42
Bordeline,184,413,174
Safe,672,178,312,85
Safe,202,660,693,538,68
Safe,364,515,269,581,229
Safe,368,648,381,212,416
Safe,437,551,451,498,158
Safe,171,81,264,416,549
Safe,334,65,218,378,739
Bordeline,579,436
Bordeline,639,605
Safe,689,115,428,190,269
Bordeline,672,347
Safe,601,174,536,185,445
Safe,215,97,5,648
Bordeline,514,112
Safe,171,439,384,549,278
Outlier,
Bordeline,61,250,745
Safe,174,642,445,672,85
Bordeline,425,616
Bordeline,343,609,304
Bordeline,284,93
Safe,261,24,252,204,688
Safe,327,217,457,390,537
Bordeline,420,616,355
Bordeline,240,173
Rare,575
Safe,310,630,684,411,689
Safe,472,702,655,423
Safe,294,546,382,503
Bordeline,337,203,625
Safe,448,503,546,327,217
Safe,314,220,209,245
Safe,395,714,102,637,304
Bordeline,399,258
Bordeline,579,409,396
Safe,20,406,743,632
Safe,748,281,118,579
Safe,289,171,416,229,278
Safe,180,87,184,31
Bordeline,49
Bordeline,625,155
Safe,511,206,154,389
Safe,714,389,633,648
Safe,174,595,413,642,419
Rare,524
Bordeline,524,298,615
Safe,327,539,154,569,97
Safe,344,722,607,70
Bordeline,724,669,75
Bordeline,512,635,287
Safe,655,104,5,54,331
Safe,102,251,84,395,304
Safe,213,151,346,691
Bordeline,482,249
Bordeline,558,54,560
Safe,311,618,424,82
Safe,737,651,42,205
Safe,383,704,102,289,229
Safe,705,217,382,334,23
Safe,679,106,70,270,233
Safe,222,710,682,282
Safe,174,601,671,581,228
Bordeline,673,6
Safe,81,0,264,557
Bordeline,281,220
Safe,289,229,394,610,143
Bordeline,612
Safe,312,184,170,683
Safe,310,694,213,267,266
Safe,292,680,715,72,620
Bordeline,702,373
Safe,217,84,633,100
Bordeline,625,113
Safe,544,278,68,194,698
Safe,238,283,65,665,85
Bordeline,512,20
Bordeline,311,380
Safe,274,504,690,610
Bordeline,155,525
Bordeline,643,287,29
Bordeline,455,379
Rare,19
Safe,501,463,47,601
Bordeline,336,534,279
Safe,444,648,414,292
Bordeline,16,142
Safe,391,104,668,478
Safe,100,91,84,257,503
Bordeline,389,40,609
Safe,607,83,36,178,230
Safe,193,83,515,566
Safe,206,448,664,165
Bordeline,669,692
Bordeline,624,686,255
Safe,363,550,644,35
Bordeline,260,602,183
Bordeline,340
Rare,615
Bordeline,353,319
Safe,601,484,671,190,463
Safe,299,81,511,534
Safe,691,294,729,304
Safe,479,378,256,274,59
Bordeline,649,451
Safe,611,320,736,535
Bordeline,17,139
Bordeline,344,661
Bordeline,182
Bordeline,551,745
Bordeline,443,502,206
Outlier,
Safe,251,629,76,47
Bordeline,186,415,99
Safe,366,566,717,581,404
Safe,634,146,164,629,47
Bordeline,35,45,290
Safe,105,128,81,456,684
Bordeline,48
Bordeline,16,430
Bordeline,22,277
Outlier,
Rare,738
Outlier,
Bordeline,621,323
Bordeline,351,614
Bordeline,14,143
Bordeline,396,317
Bordeline,590,201,34
Safe,235,391,117,168
Safe,83,37,235,293
Bordeline,278,74,365
Bordeline,330,613,660
Safe,279,557,485,336
Bordeline,31,360,506
Safe,413,601,185,382
Safe,68,424,334,190,305
Safe,693,595,265,601,671
Safe,448,83,327,85,154
Bordeline,345
Outlier,
Bordeline,276
Bordeline,441,483,199
Bordeline,475,68,416
Bordeline,591,163
Safe,213,503,294,150,432
Safe,267,558,54,325
Safe,368,253,676,641,405
Safe,171,264,394,291,416
Bordeline,363,496
Bordeline,75,188,510
Safe,262,688,137,335
Bordeline,555
Bordeline,714,619,558
Bordeline,553,597
Bordeline,9,330
Safe,279,185,84,81
Safe,54,562,456,395,114
Safe,293,76,0,628,181
Safe,456,637,54,558
Safe,603,572,268,168,8
Safe,558,267,54,395
Safe,595,601,445,32
Rare,93
Bordeline,60
Safe,515,5,448,97
Safe,304,343,91,154
Bordeline,55,133,66
Safe,154,389,304,171,448
Bordeline,528,713,317
Safe,269,539,369,160
Safe,181,561,187,223
Safe,629,383,292,377,324
Outlier,
Outlier,
Bordeline,100
Rare,319
Bordeline,333
Safe,409,155,29,436
Bordeline,258
Safe,291,190,394,549,671
Bordeline,213,460,150
Safe,137,688,733,702,157
Safe,102,41,715,100,84
Safe,335,655,262,325
Bordeline,77,450
Bordeline,433
Safe,599,392,150,279,310
Outlier,
Bordeline,529,136,669
Bordeline,206
Bordeline,352,17,742
Bordeline,568,42
Bordeline,187,8,168
Safe,601,445,563,671,174
Bordeline,33,36,243
Bordeline,494,577
Bordeline,363,550,564
Safe,588,167,84,729,185
Bordeline,674,715
Safe,413,463,501,595,536
Safe,182,497,183,485
Safe,561,557,100,473,637
Safe,628,218,175,181
Bordeline,44,441
Bordeline,271
Safe,491,74,36,344
Safe,634,516,684,653,142
Safe,40,421,343,296,655
Safe,229,289,351,690
Safe,278,312,171,491
Bordeline,66,468
Bordeline,85,174,533
Bordeline,526,534,392
Outlier,
Bordeline,420,425
Safe,633,714,395,102,292
Bordeline,294,457,424
Bordeline,714,554,562
Bordeline,325,292
Bordeline,701,159
Bordeline,660,82
Bordeline,17,169
Bordeline,495,686,408
Bordeline,442,113
Safe,617,81,637,584,395
Safe,244,31,720,4
Safe,218,604,181,114
Safe,251,53,207,117,102
Safe,428,2,501,161
Safe,86,90,510,743,441
Safe,318,451,474,437,48
Safe,617,444,81,84
Safe,516,164,3,608,684
Outlier,
Safe,164,3,634,233
Safe,395,102,560,54,434
Bordeline,132,273,7
Bordeline,379,410,587
Bordeline,402,596
Safe,388,673,132,464
Safe,174,419,366,445,413
Bordeline,203,201,481
Safe,35,496,363,208
Outlier,
Bordeline,209
Bordeline,113,726
Safe,405,569,154,327,444
Bordeline,505,726,431
Outlier,
Bordeline,458,737,42
Safe,122,360,607,78
Safe,142,684,8,168,704
Bordeline,352,742,592
Safe,325,104,374,609
Bordeline,177,189
Bordeline,302
Outlier,
Bordeline,49
Bordeline,82,403,533
Bordeline,70,229,610
Bordeline,386,89,133
Safe,380,747,294,655,104
Bordeline,493,373
Safe,392,686,601,382
Safe,349,705,167,457,536
Outlier,
Safe,391,530,168,117,182
Bordeline,75,210
Bordeline,20
Safe,85,382,190,291,581
Safe,32,402,85,348,419
Bordeline,464,388
Safe,715,600,72,164
Safe,375,3,233,138
Safe,256,673,388,71
Outlier,
Outlier,
Safe,461,3,471,634,375
Safe,194,471,292,322,620
Outlier,
Safe,269,160,334,346,369
Safe,185,81,327,469,161
Safe,653,142,310,128
Outlier,
Safe,601,388,228,501
Rare,615
Safe,137,262,261,583,102
Safe,411,269,207,115,637
Safe,70,610,439,416
Safe,503,346,729,185,84
Rare,339
Safe,538,530,265,191,601
Safe,729,470,346,453,161
Bordeline,740,53,117
Bordeline,481,57
Outlier,
Safe,70,289,229,629
Bordeline,159,649
Safe,187,356,76,168
Bordeline,621
Safe,583,688,137,472
Safe,0,434,377,395,637
Safe,653,383,157,168
Safe,460,235,382,62,153
Bordeline,722,365,218
Safe,148,687,205,662
Outlier,
Safe,171,549,5,97,394
Safe,255,749,462,334
Bordeline,353,553
Safe,419,165,739,402
Bordeline,50
Safe,619,554,395,102
Bordeline,584,325,261
Bordeline,209,433
Safe,288,515,274,327,448
Safe,584,69,41,81
Safe,252,583,733,104
Safe,244,627,275,4
Bordeline,65,493,279
Safe,190,706,508,594
Rare,342
Bordeline,450
Bordeline,159
Bordeline,669,647
Bordeline,370,60
Bordeline,364,513
Safe,185,84,691,503,294
Bordeline,178,402,230
Safe,13,471,172,233
Bordeline,180,387
Safe,583,137,688,719,252
Bordeline,399
Bordeline,182,157
Bordeline,611,33
Safe,458,612,42,205
Rare,523
Bordeline,65,327
Bordeline,221,252,280
Bordeline,149
Bordeline,328,177,359
Bordeline,286,86
Outlier,
Safe,250,734,418,188
Bordeline,318,625,96
Safe,663,165,655,626,419
Bordeline,144,597
Bordeline,674,127,150