Safe,418,447,724,102,613
Outlier,
Bordeline,592
Bordeline,266
Safe,696,636,253,202,455
Safe,498,101,221,276,560
Outlier,
Safe,201,17,683,405,584
Safe,430,392,507,624,562
Safe,650,735,581,52,106
Safe,18,688,237,538
Bordeline,312,314
Bordeline,69
Safe,220,54,624,152
Bordeline,595
Bordeline,736,502
Safe,382,312,108,120
Safe,683,642,245,390,240
Safe,491,644,708,516
Safe,394,735,125,294,100
Safe,276,505,260,252,101
Bordeline,246,32
Safe,106,514,260,224,9
Safe,455,253,4,696
Safe,36,533,561,321,593
Safe,380,147,502,395
Bordeline,570,213
Bordeline,720,285,214
Safe,388,689,356,613
Bordeline,329
Safe,183,624,674,137
Safe,294,267,508,660
Bordeline,212
Safe,141,427,166,597,61
Bordeline,587
Bordeline,215,395
Safe,24,533,561,321,593
Bordeline,700,126
Bordeline,530,341
Safe,653,188,128,655,699
Bordeline,602
Bordeline,216,328,126
Bordeline,15
Outlier,
Bordeline,614,169,460
Safe,300,646,710,743,578
Bordeline,553,592
Outlier,
Bordeline,87,694,482
Bordeline,69,216
Safe,619,18,187,357,644
Safe,268,220,624,502,139
Safe,440,388,650,9,240
Bordeline,393,395,411
Safe,242,560,17,498,447
Bordeline,484
Bordeline,401,369
Safe,362,235,419,675
Bordeline,289,209,583
Safe,590,648,568,482
Bordeline,732,702,381
Safe,683,729,447,647,151
Bordeline,110,671,129
Safe,498,538,660,418,447
Safe,101,395,53,568,80
Bordeline,206,549,393
Bordeline,10,689
Safe,562,220,8,449,152
Bordeline,485,137,624
Bordeline,686,49
Bordeline,26
Outlier,
Safe,505,523,259,221,101
Safe,113,727,674,569,640
Bordeline,343,691,636
Bordeline,539,84,484
Bordeline,536
Bordeline,467,201
Safe,650,472,660,744,576
Safe,534,472,411,138,562
Bordeline,196,64,210
Bordeline,177,136,244
Bordeline,684
Bordeline,453,523,128
Safe,539,484,178,299
Safe,227,743,172,253
Safe,367,210,356,239
Safe,694,258,48,472,78
Bordeline,98,618
Safe,398,61,642,596,390
Bordeline,614,169,135
Safe,724,538,689,157,10
Safe,523,242,259,534
Bordeline,651,107,223
Safe,584,665,7,278,355
Safe,399,481,175,549,150
Safe,128,117,20,23
Safe,321,561,269,695,24
Bordeline,88,474
Bordeline,136
Safe,133,508,91,504,735
Safe,147,5,655,568,560
Safe,418,0,745,548,516
Safe,722,498,111,411,225
Rare,230
Safe,612,683,390,442,734
Safe,22,224,572,9,155
Bordeline,93
Safe,407,382,16,312
Safe,16,505,22,353
Bordeline,62
Safe,103,17,115,240,534
Outlier,
Safe,73,357,640,631,619
Bordeline,617,737
Bordeline,736
Bordeline,675,734
Safe,130,330,597,9,96
Bordeline,330,597,435
Bordeline,749,287,478
Safe,252,407,16,709
Bordeline,521,559
Safe,346,101,147,51
Outlier,
Safe,472,214,78,336
Safe,572,596,735,19,106
Bordeline,41,328
Safe,502,412,565,569
Safe,455,23,188,147
Rare,416
Safe,330,431,117,561,115
Safe,166,517,115,635
Safe,735,100,472,394,576
Safe,100,508,371,735,294
Safe,178,329,600,349,213
Bordeline,614,169
Bordeline,402,244,301
Safe,624,183,30,8,430
Bordeline,411,492,390
Bordeline,680,380
Outlier,
Bordeline,157,151,292
Outlier,
Bordeline,364,671
Bordeline,161,227
Bordeline,267,255,157
Bordeline,500,552
Safe,101,221,25,380
Safe,248,396,213,591
Safe,451,694,87,346
Safe,549,175,300,272,468
Safe,390,534,446,576
Safe,166,672,67,13
Safe,334,86,347,141
Rare,368
Bordeline,106,381,699
Bordeline,122,628
Safe,558,141,724,91,183
Bordeline,688,68
Safe,605,420,633,490
Bordeline,716,135,551
Bordeline,144,172,227
Safe,697,265,222,377
Safe,358,710,549,300,17
Bordeline,194,208,226
Safe,196,390,296,446,534
Safe,152,615,131,743,171
Safe,200,138,672,339
Bordeline,347
Bordeline,614,135,44
Safe,705,133,508,482,221
Safe,743,17,647,390,646
Safe,186,161,227,85,446
Safe,542,466,413,405,217
Safe,472,533,469,125
Safe,549,578,150,300,646
Bordeline,646,627
Bordeline,402,81,136
Safe,299,134,216,213,248
Bordeline,639,509
Safe,709,247,137,613,412
Bordeline,123,748
Bordeline,337,351,659
Safe,30,674,137,624
Bordeline,304,169
Bordeline,376
Bordeline,172,451
Safe,648,508,418,660,663
Safe,405,683,17,7
Bordeline,571,311
Bordeline,637,216,570
Bordeline,610,748
Safe,345,454,102,499,100
Outlier,
Bordeline,164,208,215
Safe,291,138,523,430,442
Bordeline,517,165,446
Safe,729,736,683,442
Safe,701,96,120,162
Bordeline,257,279
Safe,167,562,339,138
Bordeline,7
Safe,371,4,696,455,253
Safe,251,489,648,133,508
Safe,741,513,457,86,313
Outlier,
Safe,65,549,175,710,240
Safe,383,101,4,711,362
Safe,164,496,194,655,345
Bordeline,58,397
Bordeline,86
Safe,491,486,418,365
Bordeline,368,32
Bordeline,484,570
Bordeline,124,78,550
Safe,35,502,655,550
Safe,49,41,190,637
Safe,113,631,533,73,357
Bordeline,570,637,55
Bordeline,587,671
Safe,8,430,558,624,562
Safe,5,516,101,147,498
Bordeline,391,667,712
Bordeline,456
Safe,650,537,576,440,581
Safe,498,411,722,5,103
Safe,693,164,694,633,486
Safe,743,144,85,161,172
Outlier,
Safe,474,364,191,98,563
Rare,104
Bordeline,305,264,368
Safe,409,591,700,248
Bordeline,298,610,448
Bordeline,518,74,343
Safe,705,57,389,477,239
Bordeline,305,376
Safe,10,538,688,63
Bordeline,308,402,746
Safe,86,608,661,465
Safe,743,405,17,413,683
Bordeline,219,495,728
Safe,54,674,92,447,613
Bordeline,321,652,269
Bordeline,402,671,136
Safe,17,665,683,642
Bordeline,21,659
Safe,709,180,660,252,538
Safe,148,600,520,591
Bordeline,309,369
Safe,151,523,363,377
Safe,489,203,63,294
Safe,120,267,709,514
Safe,455,23,4,390,696
Safe,486,141,85,699,157
Safe,672,183,157,167
Bordeline,315,505,407
Bordeline,199
Safe,472,581,394,650,78
Safe,560,411,722,4,371
Safe,377,709,496,202
Safe,187,237,10,508
Bordeline,305,425
Safe,382,16,532,108
Bordeline,577,456,416
Bordeline,697,106,162
Bordeline,3,512
Safe,202,371,252,538,91
Safe,611,550,708,51
Safe,357,703,321,469,542
Bordeline,544,611
Bordeline,569,360,491
Safe,549,150,710,631
Bordeline,185,738
Outlier,
Safe,611,606,575,612
Safe,20,505,101,5,722
Bordeline,479,747,603
Safe,433,94,130,332,630
Bordeline,169,614,376
Bordeline,693,331,624
Safe,447,418,54,282,0
Safe,293,363,371,339,508
Safe,711,707,4,636
Bordeline,729,736,61
Bordeline,67,27
Bordeline,569,485,66
Bordeline,749
Bordeline,342,473,721
Bordeline,58,583
Safe,590,116,202,180
Safe,195,502,655,147,652
Safe,507,558,141,157
Safe,363,282,655,689
Safe,133,688,31,648,508
Bordeline,361
Bordeline,352,165,463
Bordeline,670
Bordeline,233,738
Bordeline,178,520
Safe,710,45,468,646,171
Bordeline,136,443
Safe,633,660,158,63
Safe,183,665,171,624,519
Bordeline,448,184
Bordeline,233
Safe,577,403,610,460,535
Bordeline,91,386,446
Bordeline,679,32
Bordeline,249,409
Bordeline,287,458
Bordeline,189
Safe,16,314,108,382
Safe,477,516,221,734
Bordeline,656,378
Bordeline,428,711
Bordeline,21,58
Bordeline,46
Safe,487,576,650,186
Outlier,
Safe,446,538,91,660,411
Safe,652,24,36,269,272
Bordeline,460,443
Safe,202,23,253,660
Bordeline,347,680
Safe,683,647,171,17,736
Bordeline,362,627
Outlier,
Bordeline,673
Bordeline,600,134
Safe,130,117,115,431,111
Safe,534,562,386,30,390
Safe,433,689,363,336
Bordeline,472,744
Safe,482,153,227,331
Bordeline,136,177
Safe,613,601,124,596
Bordeline,182,351,659
Bordeline,145
Safe,558,200,167,507,157
Bordeline,476
Safe,631,530,113,654,96
Bordeline,288,473,529
Bordeline,74,424,426
Safe,443,577,460,403
Safe,687,428,377,208
Safe,363,371,122,101,663
Safe,168,324,318,487
Rare,669
Bordeline,369,476
Outlier,
Bordeline,337,182,659
Bordeline,534,691,296
Bordeline,180,709
Outlier,
Safe,576,472,386,151
Safe,446,388,86,534,367
Safe,619,269,113,467,469
Bordeline,163,710,175
Safe,30,392,171,518,292
Safe,491,201,708,18,498
Safe,15,502,554,707
Safe,57,383,207,101,516
Safe,101,293,282,371,655
Bordeline,143,474
Safe,10,745,16,158
Outlier,
Bordeline,732,86,739
Outlier,
Bordeline,349,476
Bordeline,456,223,555
Safe,663,508,202,538,660
Bordeline,682,587
Bordeline,351
Safe,505,377,247,180,472
Bordeline,443,429,223
Bordeline,185,614,535
Bordeline,260,585,250
Bordeline,656,314
Safe,237,382,10,532
Safe,25,147,503,502
Bordeline,438,15,314
Safe,263,16,532,108
Safe,207,362,101,516,147
Safe,606,575,544,42
Safe,648,568,59,705
Bordeline,331,534,79
Rare,649
Safe,446,398,356,52,240
Bordeline,526,267,516
Safe,17,642,253,151
Safe,222,712,667,505
Safe,8,430,562,507,558
Safe,475,526,253,53
Safe,258,472,581,19,371
Bordeline,101,517,498
Safe,148,484,591,409,248
Bordeline,429,209
Safe,89,61,388,729,457
Safe,95,707,220,725,283
Bordeline,447,124,593
Bordeline,520
Bordeline,136,177,244
Safe,738,304,306,98
Bordeline,521,219
Safe,240,413,683,17
Bordeline,451,186,699
Bordeline,108,120,505
Bordeline,1,366
Safe,232,458,396,591,700
Outlier,
Safe,560,538,722,259,660
Safe,502,127,569,688
Safe,405,240,424,197
Bordeline,474
Rare,368
Rare,129
Bordeline,20,386,180
Safe,447,741,0,63,102
Safe,734,343,608,356
Bordeline,496,440,581
Safe,503,278,280,683,386
Outlier,
Bordeline,69,528
Bordeline,413,405,352
Bordeline,681
Safe,608,343,35,215
Safe,485,33,67,268,624
Bordeline,315,345
Bordeline,397
Safe,8,507,392,624,562
Safe,130,330,734,677
Bordeline,448
Safe,278,332,584,268,550
Bordeline,245,180
Bordeline,428
Bordeline,397
Rare,609
Safe,381,596,15,650,688
Outlier,
Safe,482,52,581,23
Outlier,
Safe,736,612,197,390
Bordeline,375,301,429
Bordeline,212
Bordeline,637,450
Safe,320,388,390,151
Safe,418,0,61,54,63
Bordeline,304,233,432
Safe,672,67,485,183
Bordeline,637,445
Bordeline,186,149
Bordeline,610,555
Bordeline,83,642,710
Safe,132,19,159,192
Safe,23,253,4,696
Bordeline,223,657
Safe,513,398,388,356,741
Bordeline,409,148
Bordeline,737,509,525
Bordeline,185,376
Bordeline,657,342
Bordeline,532,626
Safe,296,367,508,446
Bordeline,743,413
Bordeline,661,518
Safe,405,413,424,173,188
Bordeline,77,357,201
Safe,300,710,580,150
Safe,533,561,703,24,36
Rare,1
Bordeline,65,468
Safe,576,78,124,258,355
Safe,676,529,721,748
Bordeline,414,98
Safe,393,253,526,586
Safe,349,369,637,340
Safe,313,734,661,215
Safe,119,749,686,69
Bordeline,277,416
Bordeline,614
Bordeline,95,431,615
Safe,440,455,23,4
Bordeline,119,190
Bordeline,213,55,396
Safe,68,624,183,449
Safe,689,157,91,167,672
Bordeline,318,186
Outlier,
Safe,251,203,648,294
Bordeline,333,472,91
Safe,708,18,360,201
Safe,138,390,411,613
Bordeline,41
Outlier,
Bordeline,671,177
Bordeline,260,17,208
Bordeline,521
Safe,5,225,411,722,63
Safe,704,100,267,221
Outlier,
Outlier,
Safe,412,127,569,15
Safe,683,405,17,240,736
Safe,100,463,499,133,293
Safe,276,72,407,20
Safe,151,744,576,333
Safe,430,8,558,292,392
Safe,371,133,663,660,187
Bordeline,639,179
Bordeline,452
Bordeline,715,448
Bordeline,577,403
Safe,457,741,546,635
Safe,22,252,120,141
Bordeline,293,320,313
Safe,18,221,5,101
Bordeline,253,196,4
Bordeline,430,292,8
Safe,665,303,17,498,240
Safe,401,299,248,148,604
Bordeline,497,620
Outlier,
Safe,534,72,92,151,250
Bordeline,190,600
Safe,459,509,639,76
Bordeline,253,393,517
Rare,559
Bordeline,686,69,423
Bordeline,676,473,721
Safe,631,341,7,654
Outlier,
Safe,382,263,16,626,108
Safe,36,24,593,469,561
Safe,79,352,151,390,331
Bordeline,376
Bordeline,592
Safe,596,224,650,576,78
Safe,660,411,371,560,91
Safe,84,75,484,178
Outlier,
Bordeline,467
Safe,173,269,631,357
Rare,669
Safe,554,606,575,611
Bordeline,168
Safe,634,390,151,74
Safe,9,597,60,22,739
Safe,102,225,663,323,187
Safe,710,175,163,206,65
Bordeline,268,215,502
Rare,501
Bordeline,244
Bordeline,46,592
Bordeline,544,606
Bordeline,123,610,452
Safe,738,304,273,403
Bordeline,58,443,146
Safe,507,157,8,430,220
Rare,527
Safe,259,411,538,101,607
Safe,24,36,533,469,593
Safe,8,430,411,624,558
Outlier,
Bordeline,54,325,303
Safe,127,736,197,502,606
Bordeline,614,305
Bordeline,614
Safe,101,560,395,59,147
Bordeline,502,674
Bordeline,213,26
Bordeline,189,311
Safe,125,106,735,19,9
Safe,707,253,711,517
Safe,707,8,562,573,430
Bordeline,606,544,384
Safe,472,650,355,151,581
Safe,264,306,610,512,460
Safe,175,646,300,45,464
Rare,366
Bordeline,468,141,361
Safe,650,258,440,576,735
Outlier,
Bordeline,658,58,289
Bordeline,7,138
Bordeline,377,260
Safe,636,475,584,393
Bordeline,219
Bordeline,238
Outlier,
Safe,616,59,202,128
Bordeline,232,213,248
Bordeline,536,2
Safe,533,708,619,24,36
Outlier,
Bordeline,14,2
Safe,537,224,438,250
Safe,739,641,547,117,202
Outlier,
Bordeline,272,729
Safe,329,248,134,524
Safe,336,30,613,183,558
Bordeline,445,637,40
Bordeline,308,609
Safe,520,591,248,299
Bordeline,159,697
Safe,544,575,554,127
Safe,560,23,455,411,538
Safe,426,734,343,691
Outlier,
Safe,555,452,233,191,123
Safe,268,631,275,544
Bordeline,442,736,15
Safe,336,674,447,63,0
Bordeline,376,480,135
Safe,171,166,17,743
Safe,689,590,699,446,128
Bordeline,114
Bordeline,88,495
Safe,708,593,357,631,491
Outlier,
Bordeline,325
Bordeline,580,468,597
Safe,513,204,52,65
Safe,8,430,137,30,220
Safe,4,517,696,131,711
Bordeline,532,656
Bordeline,271,569
Bordeline,276,407,667
Safe,202,446,371,172,732
Safe,742,272,321,278
Safe,7,619,341,530,611
Bordeline,670
Safe,302,226,91,367
Safe,151,546,61,729,523
Safe,115,23,736,131,240
Safe,696,4,240,390
Bordeline,445,450,190
Outlier,
Bordeline,509,179
Bordeline,201,584
Safe,663,371,5,363,339
Safe,17,390,683,240
Safe,371,538,660,138,411
Bordeline,18,491,688
Bordeline,627
Safe,45,743,171,578
Safe,683,325,171,61
Safe,187,508,538,101,294
Outlier,
Safe,224,576,581,9,78
Bordeline,93,594
Safe,321,291,54,24,36
Safe,39,534,280,642,250
Safe,530,698,453,341,631
Safe,101,291,363,293,147
Bordeline,314,378
Bordeline,456,731
Bordeline,583,473,432
Rare,123
Safe,538,411,371,560,91
Bordeline,465,86,292
Safe,143,98,620,219
Safe,371,641,508,363,202
Bordeline,12
Safe,245,17,303,519
Bordeline,210,678
Bordeline,407
Bordeline,743,227,331
Outlier,
Rare,714
Bordeline,495,219
Safe,167,220,255,449,152
Bordeline,328,119
Safe,183,30,138,569
Bordeline,116,252,20
Safe,529,473,721,456
Safe,201,431,352,111
Bordeline,394,661,666
Outlier,
Safe,139,485,427,550
Bordeline,425,93
Outlier,
Safe,17,736,503,197,61
Bordeline,82,748,555
Outlier,
Safe,69,478,119,528
Safe,345,141,151,164
Bordeline,10,644
Safe,486,91,363,616,66
Bordeline,551,169,480
Bordeline,352,534,74
Bordeline,304
Safe,226,292,280,486,634
Safe,87,226,558,48,562
Safe,97,611,19,321
Safe,4,636,202,253,455
Safe,162,605,742,265
Safe,654,615,652,523
Safe,616,186,164,208,250
Bordeline,409,232,274
Bordeline,333,16,302
Bordeline,10,689
Safe,469,269,357,533
Bordeline,499,292,31
Safe,170,508,696,389,4
Rare,638
Bordeline,573,574
Safe,491,593,18,619,498
Safe,247,180,260,538
Safe,300,163,549,45
Safe,739,283,573,207,4
Safe,391,222,187,260
Bordeline,9,106
Rare,670
Bordeline,511,448
Safe,160,297,177,135,555
Outlier,
Bordeline,727,111,74
Bordeline,62,143
Bordeline,390,442
Safe,473,670,748,676,529
Safe,411,498,103,259,225
Outlier,
Safe,91,157,538,10,660
Bordeline,399,506
Bordeline,595,114
Bordeline,718,73,635
Bordeline,241,219
Safe,197,61,736,683
Safe,95,13,220,7
Bordeline,657
Bordeline,367,202,612
Bordeline,58,375
Safe,419,431,608,612
Safe,650,9,133,581,576
Safe,683,197,442,15,729
Bordeline,114
Safe,304,403,495,298
Safe,711,202,597,367,745
Bordeline,445,401
Safe,418,516,204,513,457
Safe,630,20,417,697
Safe,171,240,646,464,405
Bordeline,78,333,506
Safe,157,339,739,141,72
Bordeline,244,479
Bordeline,277,479
Outlier,
Bordeline,119,287