Bordeline,143,129
Safe,596,364,710,500
Safe,720,133,644,295
Bordeline,144,468,378
Safe,484,59,183,114
Bordeline,443,744,587
Safe,62,556,672,81
Safe,69,568,749,743
Safe,71,257,581,47
Safe,121,60,649,423,580
Safe,176,296,545,95,308
Safe,163,505,208,312
Bordeline,62
Bordeline,412,405,48
Bordeline,595
Bordeline,189,603,554
Bordeline,724,221
Bordeline,421,412
Safe,629,336,151,19,332
Safe,375,151,463,516,203
Outlier,
Safe,95,296,176,552,689
Safe,686,353,616,644
Safe,562,190,382,131,656
Bordeline,418
Bordeline,239,509
Bordeline,734,178,567
Safe,368,328,121,63
Bordeline,671,324,645
Bordeline,471,717,382
Safe,171,433,505,342
Bordeline,92
Safe,147,99,19,692,374
Safe,231,197,383,579
Safe,545,147,506,510,191
Bordeline,460,251,671
Safe,54,246,231,629,370
Safe,49,689,312,522,570
Safe,424,320,156,295,231
Bordeline,312,647,463
Safe,542,610,667,687,616
Bordeline,109,688,378
Bordeline,464,414
Bordeline,137,324
Bordeline,362,0
Safe,359,576,231,171,342
Bordeline,474
Safe,71,202,581,257,8
Safe,203,579,405,151,332
Safe,488,37,123,11,570
Bordeline,190,348,273
Bordeline,397,461
Rare,319
Safe,353,639,679,338,341
Bordeline,246,36
Bordeline,265
Bordeline,153,468,624
Outlier,
Bordeline,462,270,265
Bordeline,4,484,183
Safe,389,303,79,685,9
Bordeline,141,701,447
Safe,71,6,629,653
Safe,379,594,156,330
Bordeline,662,600,254
Safe,86,620,573,535
Safe,190,217,502,273,82
Bordeline,551,422
Bordeline,742,741
Outlier,
Safe,739,663,580,316,281
Safe,257,8,581,47
Rare,485
Safe,634,152,482,389,694
Bordeline,87,178
Bordeline,58
Outlier,
Bordeline,440,672
Safe,534,349,134,437,687
Safe,370,19,60,639,181
Bordeline,201,299
Safe,383,349,342,687,505
Safe,217,225,66,134,353
Safe,703,543,290,33,176
Safe,400,33,616,234
Safe,608,274,106,323,400
Safe,717,535,617,573,609
Safe,74,566,162,741
Safe,148,101,523,439,625
Safe,534,690,340,119
Safe,134,78,534,198,349
Safe,442,746,526,318,606
Bordeline,31,660,363
Safe,580,408,610,469,739
Outlier,
Safe,647,176,296,668,278
Safe,700,714,548,368
Safe,676,728,198,236,482
Bordeline,577,29,372
Safe,524,32,116,11,95
Bordeline,193,683,324
Bordeline,184,523,415
Outlier,
Bordeline,445,520,272
Bordeline,544
Bordeline,218,560
Safe,509,450,274,85,499
Bordeline,636,653,644
Bordeline,115
Bordeline,41,378
Outlier,
Bordeline,396,679,364
Bordeline,660,395,555
Bordeline,630,427
Bordeline,4,590,258
Bordeline,20,659
Safe,10,176,557,296,95
Bordeline,643,109,155
Bordeline,678,350,254
Bordeline,524,668
Bordeline,544,514,430
Safe,589,134,331,687
Safe,723,65,393,546,500
Bordeline,36,198,640
Safe,370,597,257,713
Bordeline,257,312,326
Bordeline,201,309,80
Bordeline,600
Bordeline,51,540,658
Bordeline,0,430
Bordeline,430
Safe,382,274,23,744,225
Bordeline,200,194
Safe,703,227,2,295
Safe,610,225,687,78,616
Safe,741,178,259,535,86
Safe,163,249,648,47,521
Bordeline,595,517,43
Outlier,
Safe,245,389,303,151,457
Safe,596,546,247,561
Bordeline,590,258,61
Outlier,
Bordeline,0,645,722
Safe,3,270,698,520
Outlier,
Safe,231,713,656,648,133
Bordeline,34,579,203
Safe,492,191,149,88,278
Safe,676,10,345,557,482
Safe,139,245,389,457
Safe,629,19,332,579,139
Safe,389,589,34,191,139
Outlier,
Bordeline,517,311
Bordeline,643
Safe,330,38,424,246,594
Safe,504,325,601,84,163
Bordeline,284
Bordeline,698,569
Bordeline,520,220
Outlier,
Bordeline,385
Safe,11,136,173,648,36
Bordeline,116,428,496
Safe,679,450,369,651,53
Bordeline,417
Bordeline,259,410,327
Safe,616,682,667,644,334
Bordeline,411,417
Bordeline,716
Safe,342,649,349,613,347
Safe,573,617,86,605,534
Bordeline,326,249,163
Bordeline,612,747,619
Rare,228
Safe,296,552,95,10,545
Bordeline,449,494,623
Safe,471,734,26,591
Safe,308,123,359,36,488
Outlier,
Safe,225,733,353,744,616
Bordeline,324
Bordeline,4,484,59
Safe,523,101,407,631,502
Bordeline,243,271,259
Bordeline,705
Safe,257,581,240,312,249
Bordeline,711
Bordeline,603,15
Safe,66,19,502,273,23
Safe,278,463,668,95,576
Safe,280,203,48,405,90
Bordeline,100,324,553
Bordeline,603,200
Bordeline,432,411,254
Bordeline,744,382,710
Safe,231,647,33,629,383
Bordeline,647,349,33
Bordeline,481,315,498
Bordeline,194,691,62
Safe,652,80,346,473,546
Safe,629,231,47,581,457
Safe,579,684,33,19
Bordeline,473,367,385
Bordeline,645,559
Bordeline,139,573,606
Outlier,
Safe,11,200,10,95
Bordeline,113
Safe,49,602,407,596
Bordeline,457,336,576
Bordeline,666,605
Safe,692,231,703,295,636
Outlier,
Bordeline,621,159
Bordeline,58
Safe,82,66,548,181,358
Bordeline,105,311
Safe,341,654,353,134,742
Bordeline,160
Outlier,
Bordeline,641,730,588
Safe,278,465,260,537
Bordeline,160,103,503
Safe,353,181,134,616,667
Bordeline,266,255
Safe,594,133,295,703
Outlier,
Bordeline,330,439,594
Safe,537,147,34,17
Safe,629,197,33,656,246
Outlier,
Safe,181,353,639,79
Safe,639,33,656,84
Safe,353,639,314,633,532
Safe,271,502,278,33,176
Rare,251
Bordeline,725
Safe,25,693,435,12
Safe,257,332,581,629
Bordeline,556,721,267
Safe,112,17,74,421
Bordeline,741,687,327
Bordeline,460,417
Safe,139,303,347,151,516
Safe,54,433,36,231,156
Safe,304,243,185,140
Bordeline,391,430
Safe,173,326,669,187
Bordeline,373
Outlier,
Safe,587,730,341,353,501
Safe,316,504,475,459,663
Rare,255
Rare,254
Bordeline,199
Safe,581,240,71,629,332
Bordeline,4,114
Safe,167,668,516,139,534
Bordeline,296,537,176
Bordeline,703,83,236
Outlier,
Bordeline,432
Bordeline,260,31,92
Bordeline,58,55
Outlier,
Safe,535,86,349,198,496
Bordeline,569,220
Bordeline,627,427
Safe,144,58,462,41,265
Safe,502,236,267,726
Bordeline,462,103,520
Safe,502,66,639,190,623
Safe,382,131,469,717,225
Bordeline,628,644,377
Safe,687,730,605,453
Bordeline,395
Safe,191,95,463,668,176
Bordeline,700
Safe,368,192,654,134
Bordeline,342,340,171
Outlier,
Bordeline,577,554
Bordeline,725,158
Outlier,
Rare,399
Safe,671,352,665,645
Safe,562,334,383,616
Safe,249,339,80,162
Safe,532,684,543,83
Safe,599,434,597,124,313
Bordeline,615,373,158
Bordeline,307,160
Safe,297,708,288,709
Safe,424,38,133,594,320
Safe,176,552,95,10,545
Safe,708,609,294,86,437
Outlier,
Bordeline,367,655,471
Outlier,
Safe,501,448,288,562
Bordeline,741,5,450
Safe,245,389,139,506,60
Safe,247,15,351,488
Outlier,
Bordeline,672,440
Safe,293,160,144,3
Safe,433,647,492,457,10
Bordeline,546,367,471
Rare,251
Safe,120,474,154,540
Safe,39,257,689,581
Bordeline,322,320,246
Safe,639,348,501,235,353
Bordeline,199,324,100
Safe,253,663,504,494,739
Rare,57
Safe,526,442,351,606,91
Rare,52
Safe,38,444,424,156,295
Bordeline,255
Bordeline,656,313,124
Safe,744,437,382,717
Bordeline,315,461,100
Safe,641,157,648,375,459
Bordeline,173,249
Safe,410,733,167,443
Safe,535,496,510,78,349
Bordeline,186
Safe,156,594,379,38,63
Safe,687,334,349,121,426
Safe,240,151,257,581
Bordeline,417
Safe,616,383,667,730,225
Bordeline,618,413,362
Safe,629,18,202,231
Outlier,
Bordeline,231,353,53
Safe,700,382,340,717
Bordeline,281,408
Safe,276,219,53,534,393
Safe,171,649,349,613,687
Bordeline,544,352
Outlier,
Safe,149,191,34,676
Safe,642,546,473,281
Safe,534,171,78,245
Safe,482,639,510,535,605
Safe,383,613,687,426,78
Outlier,
Safe,586,526,318,308,648
Bordeline,544,333
Safe,225,639,501,181,616
Bordeline,495
Outlier,
Bordeline,693,365,395
Outlier,
Safe,8,47,217,629,202
Safe,231,576,45,457,647
Safe,527,347,408,534
Bordeline,674,430
Safe,335,487,645,413
Safe,667,616,383,400,656
Safe,393,535,534,681
Safe,40,356,242,693
Rare,285
Bordeline,299,546,655
Safe,654,280,491,714
Safe,651,147,203,679
Safe,656,597,124,629,231
Safe,695,605,97,95,668
Safe,83,703,406,31
Bordeline,517
Bordeline,147
Safe,19,151,424,332,203
Rare,69
Safe,275,741,642,345
Safe,41,109,186,705
Safe,63,156,330,594,38
Bordeline,435,434
Bordeline,621,337
Safe,744,717,131,617,274
Safe,682,616,349,667,33
Bordeline,507,282
Bordeline,642,162
Outlier,
Rare,403
Bordeline,52,20
Safe,152,139,303,347,60
Bordeline,661
Bordeline,188
Safe,651,549,60,598
Safe,364,534,341,78,690
Bordeline,154
Safe,660,112,273,92
Safe,502,679,111,53
Bordeline,51,284
Bordeline,643,155,109
Rare,286
Safe,489,370,363,84,656
Bordeline,413,335,540
Bordeline,332,257,412
Outlier,
Safe,590,447,551,418
Safe,623,48,33,579
Safe,583,524,99,261
Bordeline,184,523,189
Safe,534,340,347,78,469
Bordeline,348,39
Bordeline,327,642,167
Safe,169,254,553,195
Safe,332,402,13,19
Safe,335,362,618,401,256
Bordeline,464,69
Bordeline,101,628,715
Bordeline,495,51,515
Bordeline,460,657
Bordeline,740,24,551
Bordeline,143,645
Bordeline,595
Bordeline,17,260
Bordeline,67
Safe,225,334,579,78,181
Safe,38,295,320,156
Bordeline,324,193
Safe,349,687,613,616,134
Bordeline,630,113,627
Bordeline,164,172
Bordeline,443,5,587
Safe,674,120,514,540
Safe,467,278,516,191,545
Bordeline,263,254
Safe,308,246,54,30,505
Safe,370,597,489,400,291
Safe,306,693,239,440
Rare,337
Safe,744,510,534,78,382
Bordeline,481
Safe,589,631,225,131,353
Bordeline,306,39
Bordeline,336,703
Safe,318,526,606,91,707
Safe,5,327,704,587
Bordeline,320,38,424
Safe,503,103,736,265
Bordeline,186,698
Bordeline,590,404,551
Safe,687,301,276,171,342
Safe,177,699,548,500,744
Safe,617,509,546,106,131
Safe,730,334,400,276
Bordeline,141,635,4
Safe,687,276,171,342,555
Safe,579,151,197,33,203
Bordeline,385,259
Safe,696,176,720,296,713
Safe,647,308,231,171,342
Bordeline,520,160
Safe,475,504,253,521,463
Bordeline,35,553,417
Bordeline,324,51
Safe,58,272,270,611
Safe,191,278,19,198
Bordeline,547,414,738
Bordeline,83,197,223
Bordeline,110,355
Safe,516,431,573,86
Bordeline,41,3,56
Safe,499,610,134,274,535
Bordeline,661,114,390
Safe,299,367,178,203,717
Bordeline,602,332
Bordeline,546,367,346
Bordeline,207,311,540
Safe,459,504,253,521
Bordeline,674,361
Bordeline,183,16
Bordeline,24
Bordeline,52,319
Safe,732,230,623,98,200
Bordeline,199,438
Safe,348,34,510,535,676
Bordeline,216,736,55
Bordeline,4,59,183
Rare,72
Bordeline,595
Bordeline,362,335,657
Safe,49,37,179,184,304
Safe,400,597,370,124
Outlier,
Safe,689,605,654,647,687
Safe,308,10,457,148,95
Safe,408,723,437,201
Safe,177,316,54,124
Safe,416,563,575,722
Safe,349,267,328,649,383
Bordeline,603,492,10
Bordeline,199,481
Safe,469,535,610,510,274
Safe,65,86,510,437
Safe,353,639,314,301
Safe,273,579,271,717
Safe,445,224,103,736
Safe,253,459,316,475,640
Safe,606,663,171,342,308
Safe,510,34,535,78,437
Bordeline,384
Bordeline,740,724
Safe,609,86,106,450,134
Safe,535,506,437,348,34
Safe,86,442,91,85,106
Outlier,
Bordeline,400,451,36
Bordeline,120,430
Bordeline,575,671
Safe,19,467,463,245,139
Bordeline,154,311,137
Bordeline,417
Bordeline,532,489
Bordeline,160,569
Safe,712,648,459,475
Safe,735,730,276,605,312
Safe,184,631,101,713,407
Safe,119,95,191,668,647
Safe,559,413,0,637
Safe,318,442,351,606,91
Bordeline,360,501,353
Bordeline,351,586,179
Bordeline,448,301,40
Bordeline,277,25
Safe,621,381,705,186
Bordeline,290,684
Bordeline,173,163
Safe,78,347,437,510,408
Safe,510,86,267,499,328
Bordeline,69,671,547
Safe,552,545,147,34
Outlier,
Bordeline,120,335,413
Safe,430,311,120,128,674
Bordeline,417
Safe,40,469,610,288,453
Safe,290,83,720,703
Bordeline,104,120,352
Safe,552,34,176,296,10
Safe,473,367,346,652
Bordeline,464,738,536
Bordeline,217,225,181
Safe,239,106,111,1,210
Bordeline,438,595
Bordeline,740,418
Safe,296,176,545,537,728
Bordeline,460,193
Bordeline,15,439
Safe,741,687,426,453,685
Safe,383,682,22,2
Safe,692,149,116,492,308
Bordeline,109,531,705
Safe,0,553,205,525
Bordeline,237
Bordeline,140
Safe,288,23,334,382
Bordeline,460
Safe,262,28,678,662,366
Bordeline,450,65,86
Safe,87,580,587,74
Bordeline,734,598
Bordeline,749,7,166
Bordeline,520,355
Safe,37,426,203,267,33
Outlier,
Bordeline,614
Safe,86,172,437,534,617
Safe,562,86,717,726
Safe,515,284,315,205
Safe,191,359,95,45
Bordeline,98,89
Bordeline,680,137,397
Safe,203,33,684,502,147
Safe,610,389,78,342,93
Safe,257,629,240,71,332
Outlier,
Bordeline,406,522,715
Bordeline,508,67
Bordeline,673,553
Safe,351,648,689,457,526
Bordeline,252,327,601
Safe,359,576,629,231,336
Safe,134,121,152,654,728
Safe,114,447,141,4
Safe,203,353,654,178
Outlier,
Bordeline,688
Safe,156,330,227,63,295
Bordeline,420,683,137
Bordeline,1,140
Safe,370,124,656,489
Safe,567,499,733,453
Safe,291,316,533,253
Bordeline,127,350
Safe,704,587,625,451
Safe,472,640,494,91,210
Bordeline,194,189,594
Bordeline,4,590,484
Bordeline,647,212,276
Safe,442,505,663,526,318
Bordeline,729,512
Safe,85,274,106,131,235
Safe,86,509,437,382,617
Safe,134,469,78,580,499
Bordeline,159,462
Bordeline,174,619,747
Safe,349,171,342,426,647
Bordeline,183,551,635
Outlier,
Safe,667,383,363,225,687
Safe,382,86,437,78,620
Bordeline,335,413
Bordeline,174
Bordeline,617,65,86
Bordeline,381,337
Bordeline,679,252,89
Safe,405,273,19,203
Bordeline,56,503
Safe,505,36,601,451
Bordeline,133,440,278
Bordeline,258,427
Bordeline,275,651,415
Safe,231,202,581,257,240
Bordeline,427,113
Safe,184,523,439,131,625
Outlier,
Bordeline,235,679
Safe,73,433,714,557
Bordeline,664
Safe,107,644,696,616,363
Bordeline,104,559
Outlier,
Safe,353,348,314,234,53
Bordeline,54,123
Bordeline,222,375
Safe,385,346,410,741
Bordeline,155,117
Safe,107,636,720,2,22
Bordeline,205,671,143
Bordeline,14
Safe,95,197,198,39
Safe,231,586,33,629,197
Safe,171,342,349,496,613
Bordeline,680,137,51
Bordeline,369,628,178
Bordeline,546,201,346
Safe,107,62,616,47
Safe,647,368,353,280,134
Bordeline,299,367
Safe,703,370,231,597,322
Outlier,
Bordeline,284,158
Bordeline,315,115
Bordeline,92,489
Bordeline,390,470
Bordeline,560
Safe,505,606,316,739
Bordeline,635,484,614
Rare,657
Safe,212,605,312,491
Safe,616,363,383,687,225
Safe,95,191,278,176,296
Bordeline,249,173,721
Bordeline,532,235
Safe,35,743,645,28,251
Bordeline,363,6,123
Bordeline,678,585
Bordeline,361,430,120
Bordeline,502,66,510
Safe,97,198,149,728,176
Outlier,
Bordeline,673,438,118
Bordeline,396,53,681
Bordeline,578
Safe,679,708,364,482
Bordeline,383,748,616
Bordeline,100,595
Safe,579,203,33,383,363
Safe,34,728,181,147,152
Safe,22,693,276,451
Safe,667,349,616,134,331
Bordeline,41,109,593
Safe,312,37,491,276,586
Bordeline,89,613,534
Bordeline,200,696
Safe,557,213,703,45,2
Safe,356,686,22,276,453
Bordeline,685,89,410
Safe,371,605,37,236
Bordeline,720,456
Outlier,
Bordeline,446,159,569
Safe,482,147,449,181,235
Bordeline,339,367
Outlier,
Safe,163,106,351,49
Safe,656,133,370,231,83
Safe,601,443,5,587
Safe,186,531,621,378
Outlier,
Safe,442,526,318,463,191
Safe,297,681,545,294,709
Safe,710,717,708,294
Bordeline,196,709,684
Bordeline,188,541
Bordeline,521,146,92
Bordeline,124,581
Safe,368,86,409,96,700
Bordeline,200,101
Bordeline,186,378
Safe,86,382,726,203,535
Bordeline,427,724
Bordeline,103,272
Safe,696,2,644,383
Bordeline,713
Bordeline,143
Bordeline,122,65,408
Bordeline,16,508
Bordeline,284
Safe,535,717,86,271,203
Bordeline,169,35,102
Safe,545,97,676,552,34
Bordeline,607,362
Safe,451,334,276,522
Outlier,
Safe,288,480,83,236
Safe,181,225,134,327,687
Safe,26,178,567,84
Safe,522,276,605,730,312
Bordeline,503,445,76
Bordeline,157,84
Bordeline,464,547
Safe,663,316,93,253,91
Bordeline,418,551
Safe,555,642,243,135
Safe,219,276,633,208
Bordeline,671,35,571
Safe,382,437,181,323,717
Outlier,
Safe,91,316,442,253
Bordeline,174,508
Bordeline,682,383
Bordeline,568,7